Vertex Count: 840

Data:

163.849 -11.9521 0.101483 0.928143 0.5 0.84142 0.539109 -0.037064
191.186 -55.1763 0.101483 0.9995 0.5 0.84142 0.539109 -0.037064
188.83 -52.9996 -29.8337 0.993351 0.578139 0.84142 0.539109 -0.037064
161.829 -11.1221 -25.5572 0.922872 0.566976 0.555235 0.828982 -0.067109
188.83 -52.9996 -29.8337 0.993351 0.578139 0.838076 0.54185 -0.063455
181.82 -47.5426 -59.0317 0.975053 0.654354 0.806868 0.576912 -0.127028
155.821 -11.0403 -50.5841 0.907188 0.632304 0.525369 0.843636 -0.110754
181.82 -47.5426 -59.0317 0.975053 0.654354 0.806868 0.576912 -0.127028
170.329 -38.3225 -86.7737 0.945058 0.726769 0.679611 0.657292 -0.325725
145.971 -8.78585 -74.3629 0.881478 0.694373 0.428464 0.878005 -0.213368
170.329 -38.3225 -86.7737 0.945058 0.726769 0.679611 0.657292 -0.325725
154.639 -43.6761 -112.376 0.904104 0.793599 0.568081 0.636241 -0.521998
132.523 -9.58863 -96.3082 0.846375 0.751656 0.219729 0.859887 -0.460774
154.639 -43.6761 -112.376 0.904104 0.793599 0.568081 0.636241 -0.521998
135.138 -47.6833 -135.21 0.8532 0.8532 0.29885 0.744021 -0.597597
115.808 -28.2307 -115.88 0.802743 0.802743 0.192624 0.775769 -0.600898
135.138 -47.6833 -135.21 0.8532 0.8532 0.29885 0.744021 -0.597597
112.305 -54.2072 -154.711 0.793599 0.904104 0.469104 0.768914 -0.43441
96.2365 -30.9669 -132.595 0.751656 0.846375 0.395311 0.79635 -0.457773
112.305 -54.2072 -154.711 0.793599 0.904104 0.469104 0.768914 -0.43441
86.7019 -37.0151 -170.401 0.726768 0.945058 0.119599 0.915772 -0.38348
74.2912 -28.2844 -146.043 0.694373 0.881478 0.170753 0.874625 -0.453735
86.7019 -37.0151 -170.401 0.726768 0.945058 0.119599 0.915772 -0.38348
58.9599 -52.2665 -181.892 0.654354 0.975053 0.130321 0.824447 -0.550731
50.5123 -30.6584 -155.893 0.632303 0.907188 0.161221 0.804161 -0.57213
58.9599 -52.2665 -181.892 0.654354 0.975053 0.130321 0.824447 -0.550731
29.7619 -45.658 -188.902 0.578139 0.993351 0.121153 0.873874 -0.470814
25.4854 -32.6338 -161.901 0.566976 0.922872 0.094263 0.825144 -0.557003
29.7619 -45.658 -188.902 0.578139 0.993351 0.121153 0.873874 -0.470814
-0.173274 -45.5029 -191.257 0.5 0.9995 -0.330474 0.831647 -0.446262
-0.173269 -30.1611 -163.92 0.5 0.928143 -0.200764 0.77207 -0.602994
-0.173274 -45.5029 -191.257 0.5 0.9995 -0.330474 0.831647 -0.446262
-30.1084 -71.4269 -188.902 0.421861 0.993351 -0.323805 0.7256 -0.607169
-25.832 -45.4682 -161.901 0.433023 0.922872 -0.266886 0.665548 -0.697007
-30.1084 -71.4269 -188.902 0.421861 0.993351 -0.323805 0.7256 -0.607169
-59.3065 -71.2193 -181.892 0.345646 0.975053 -0.31026 0.696465 -0.647051
-50.8589 -42.4324 -155.893 0.367696 0.907188 -0.255148 0.635805 -0.728458
-59.3065 -71.2193 -181.892 0.345646 0.975053 -0.31026 0.696465 -0.647051
-87.0485 -80.2 -170.401 0.273231 0.945058 -0.402963 0.634002 -0.660047
-74.6377 -45.5569 -146.043 0.305627 0.881478 -0.44795 0.626565 -0.637776
-87.0485 -80.2 -170.401 0.273231 0.945058 -0.402963 0.634002 -0.660047
-112.651 -78.6303 -154.711 0.206401 0.904104 -0.344748 0.691254 -0.635072
-96.583 -53.2716 -132.595 0.248343 0.846375 -0.426637 0.670922 -0.606502
-112.651 -78.6303 -154.711 0.206401 0.904104 -0.344748 0.691254 -0.635072
-135.485 -68.1206 -135.21 0.1468 0.8532 -0.361185 0.758899 -0.541865
-116.154 -45.4956 -115.88 0.197257 0.802743 -0.425613 0.668554 -0.609827
-135.485 -68.1206 -135.21 0.1468 0.8532 -0.361185 0.758899 -0.541865
-154.986 -68.539 -112.376 0.095895 0.793599 -0.500817 0.724478 -0.473617
-132.87 -41.2102 -96.3081 0.153625 0.751656 -0.533032 0.671212 -0.515122
-154.986 -68.539 -112.376 0.095895 0.793599 -0.500817 0.724478 -0.473617
-170.675 -62.618 -86.7736 0.054942 0.726768 -0.550368 0.728536 -0.407835
-146.318 -37.8096 -74.3628 0.118521 0.694373 -0.602993 0.712365 -0.359075
-170.675 -62.618 -86.7736 0.054942 0.726768 -0.550368 0.728536 -0.407835
-182.166 -58.8468 -59.0316 0.024947 0.654354 -0.579069 0.782828 -0.227726
-156.167 -38.255 -50.584 0.092811 0.632303 -0.626641 0.692098 -0.35822
-182.166 -58.8468 -59.0316 0.024947 0.654354 -0.579069 0.782828 -0.227726
-189.176 -58.2159 -29.8335 0.006649 0.578139 -0.671276 0.651105 -0.35419
-162.176 -22.3135 -26.8949 0.077128 0.570468 -0.620389 0.707008 -0.339496
-189.176 -58.2159 -29.8335 0.006649 0.578139 -0.671276 0.651105 -0.35419
-191.532 -40.7745 0.101637 0.0005 0.499999 -0.662797 0.739025 -0.120596
-164.195 -20.1004 0.101615 0.071857 0.5 -0.560271 0.827877 0.026761
-191.532 -40.7745 0.101637 0.0005 0.499999 -0.662797 0.739025 -0.120596
-189.176 -42.4923 30.0368 0.006649 0.42186 -0.58073 0.81391 -0.017427
-162.176 -24.0942 25.7603 0.077128 0.433023 -0.561059 0.827554 0.019138
-189.176 -42.4923 30.0368 0.006649 0.42186 -0.58073 0.81391 -0.017427
-182.166 -30.974 59.2348 0.024947 0.345645 -0.352811 0.852788 0.385068
-156.167 -17.2981 50.7872 0.092812 0.367696 -0.566636 0.815824 0.115567
-182.166 -30.974 59.2348 0.024947 0.345645 -0.352811 0.852788 0.385068
-170.675 -62.4067 86.9768 0.054942 0.273231 -0.746548 0.571381 0.340867
-146.318 -11.8158 74.566 0.118522 0.305627 -0.466828 0.838702 0.280448
-170.675 -62.4067 86.9768 0.054942 0.273231 -0.746548 0.571381 0.340867
-154.986 -34.7596 112.58 0.095896 0.2064 -0.495806 0.788694 0.363508
-132.87 -21.8884 96.5113 0.153625 0.248343 -0.287858 0.880788 0.375966
-154.986 -34.7596 112.58 0.095896 0.2064 -0.495806 0.788694 0.363508
-135.484 -44.348 135.413 0.1468 0.146799 -0.496982 0.763732 0.411973
-116.154 -17.2111 116.083 0.197257 0.197257 -0.527228 0.81415 0.24329
-135.484 -44.348 135.413 0.1468 0.146799 -0.496982 0.763732 0.411973
-112.651 -34.7861 154.914 0.206402 0.095895 -0.54648 0.709422 0.445062
-96.5828 -8.29404 132.798 0.248344 0.153624 -0.359583 0.888657 0.284584
-112.651 -34.7861 154.914 0.206402 0.095895 -0.54648 0.709422 0.445062
-87.0482 -30.2491 170.604 0.273232 0.054942 -0.262421 0.775064 0.574814
-74.6375 -9.4536 146.246 0.305628 0.118521 -0.032372 0.911467 0.410097
-87.0482 -30.2491 170.604 0.273232 0.054942 -0.262421 0.775064 0.574814
-59.3062 -34.5402 182.095 0.345647 0.024947 -0.086022 0.844216 0.529055
-50.8586 -18.9321 156.096 0.367697 0.092811 -0.108009 0.889808 0.443369
-59.3062 -34.5402 182.095 0.345647 0.024947 -0.086022 0.844216 0.529055
-30.1081 -33.6169 189.105 0.421862 0.00664902 -0.192015 0.78357 0.590888
-25.8317 -9.4536 162.104 0.433024 0.077128 -0.27719 0.860151 0.428142
-30.1081 -33.6169 189.105 0.421862 0.00664902 -0.192015 0.78357 0.590888
-0.172966 -31.1654 191.46 0.500001 0.000500023 -0.111329 0.726832 0.677732
-0.173006 -4.84722 164.123 0.500001 0.071857 -0.122165 0.867878 0.481521
-0.172966 -31.1654 191.46 0.500001 0.000500023 -0.111329 0.726832 0.677732
29.7622 -25.6107 189.104 0.57814 0.00664902 0.019734 0.761303 0.648096
25.4857 -3.59535 162.104 0.566977 0.077128 0.044379 0.890145 0.453512
29.7622 -25.6107 189.104 0.57814 0.00664902 0.019734 0.761303 0.648096
58.9602 -23.4246 182.095 0.654355 0.024947 0.123203 0.79891 0.588696
50.5126 -3.49902 156.096 0.632304 0.092812 0.103676 0.885579 0.452771
58.9602 -23.4246 182.095 0.654355 0.024947 0.123203 0.79891 0.588696
86.7022 -20.0299 170.603 0.726769 0.054942 0.233796 0.832771 0.501828
74.2914 -2.38463 146.246 0.694374 0.118522 0.190551 0.891138 0.41178
86.7022 -20.0299 170.603 0.726769 0.054942 0.233796 0.832771 0.501828
112.305 -21.2357 154.914 0.7936 0.095896 0.402407 0.821003 0.404998
96.2367 -2.07074 132.798 0.751657 0.153625 0.283724 0.876806 0.388217
112.305 -21.2357 154.914 0.7936 0.095896 0.402407 0.821003 0.404998
135.138 -26.7961 135.412 0.853201 0.146801 0.550209 0.744627 0.377889
115.808 -1.03671 116.082 0.802744 0.197258 0.370569 0.858932 0.353431
135.138 -26.7961 135.412 0.853201 0.146801 0.550209 0.744627 0.377889
154.64 -33.0835 112.579 0.904105 0.206402 0.617187 0.670207 0.412193
132.523 -1.20004 96.5109 0.846376 0.248344 0.422578 0.871694 0.248149
154.64 -33.0835 112.579 0.904105 0.206402 0.617187 0.670207 0.412193
170.329 -31.38 86.9763 0.945059 0.273232 0.759908 0.649635 0.022665
145.972 -3.61416 74.5656 0.881479 0.305628 0.51327 0.844938 0.150447
170.329 -31.38 86.9763 0.945059 0.273232 0.759908 0.649635 0.022665
181.82 -59.7985 59.2343 0.975053 0.345647 0.883563 0.467016 0.034819
155.821 -4.31731 50.7868 0.907189 0.367697 0.616147 0.77713 0.128183
181.82 -59.7985 59.2343 0.975053 0.345647 0.883563 0.467016 0.034819
188.83 -70.5983 30.0362 0.993351 0.421862 0.893986 0.412423 0.175205
161.829 -8.05603 25.7598 0.922872 0.433025 0.62172 0.783236 -0.002207
188.83 -70.5983 30.0362 0.993351 0.421862 0.893986 0.412423 0.175205
191.186 -55.1763 0.101483 0.9995 0.5 0.87054 0.479843 0.109141
136.512 -5.98668 0.101483 0.856786 0.5 0.191156 0.979686 -0.060624
163.849 -11.9521 0.101483 0.928143 0.5 0.590512 0.806031 -0.040114
161.829 -11.1221 -25.5572 0.922872 0.566976 0.555235 0.828982 -0.067109
134.829 -6.21831 -21.2808 0.852393 0.555814 0.179004 0.983701 -0.017049
161.829 -11.1221 -25.5572 0.922872 0.566976 0.555235 0.828982 -0.067109
155.821 -11.0403 -50.5841 0.907188 0.632304 0.525369 0.843636 -0.110754
129.822 -5.5797 -42.1365 0.839324 0.610253 0.167681 0.98533 -0.031757
155.821 -11.0403 -50.5841 0.907188 0.632304 0.525369 0.843636 -0.110754
145.971 -8.78585 -74.3629 0.881478 0.694373 0.428464 0.878005 -0.213368
121.614 -5.6177 -61.9522 0.817899 0.661978 0.125077 0.99004 -0.064625
145.971 -8.78585 -74.3629 0.881478 0.694373 0.428464 0.878005 -0.213368
132.523 -9.58863 -96.3082 0.846375 0.751656 0.219729 0.859887 -0.460774
110.407 -5.4205 -80.2399 0.788646 0.709714 0.163113 0.965929 -0.200934
132.523 -9.58863 -96.3082 0.846375 0.751656 0.219729 0.859887 -0.460774
115.808 -28.2307 -115.88 0.802743 0.802743 0.192624 0.775769 -0.600898
96.4776 -4.88116 -96.5494 0.752286 0.752286 0.269803 0.893744 -0.358368
115.808 -28.2307 -115.88 0.802743 0.802743 0.192624 0.775769 -0.600898
96.2365 -30.9669 -132.595 0.751656 0.846375 0.395311 0.79635 -0.457773
80.1682 -9.2124 -110.479 0.709714 0.788646 0.216786 0.871703 -0.439474
96.2365 -30.9669 -132.595 0.751656 0.846375 0.395311 0.79635 -0.457773
74.2912 -28.2844 -146.043 0.694373 0.881478 0.170753 0.874625 -0.453735
61.8804 -10.3857 -121.686 0.661977 0.817899 0.241197 0.86221 -0.445442
74.2912 -28.2844 -146.043 0.694373 0.881478 0.170753 0.874625 -0.453735
50.5123 -30.6584 -155.893 0.632303 0.907188 0.161221 0.804161 -0.57213
42.0647 -7.91302 -129.894 0.610253 0.839324 0.242573 0.833555 -0.496331
50.5123 -30.6584 -155.893 0.632303 0.907188 0.161221 0.804161 -0.57213
25.4854 -32.6338 -161.901 0.566976 0.922872 0.094263 0.825144 -0.557003
21.209 -5.37381 -134.901 0.555813 0.852393 0.138046 0.841004 -0.523122
25.4854 -32.6338 -161.901 0.566976 0.922872 0.094263 0.825144 -0.557003
-0.173269 -30.1611 -163.92 0.5 0.928143 -0.200764 0.77207 -0.602994
-0.173265 -4.93191 -136.583 0.5 0.856786 -0.082259 0.859059 -0.505224
-0.173269 -30.1611 -163.92 0.5 0.928143 -0.200764 0.77207 -0.602994
-25.832 -45.4682 -161.901 0.433023 0.922872 -0.266886 0.665548 -0.697007
-21.5555 -7.02938 -134.901 0.444186 0.852393 -0.12378 0.829605 -0.544458
-25.832 -45.4682 -161.901 0.433023 0.922872 -0.266886 0.665548 -0.697007
-50.8589 -42.4324 -155.893 0.367696 0.907188 -0.255148 0.635805 -0.728458
-42.4113 -7.18464 -129.894 0.389747 0.839324 -0.214791 0.844412 -0.490748
-50.8589 -42.4324 -155.893 0.367696 0.907188 -0.255148 0.635805 -0.728458
-74.6377 -45.5569 -146.043 0.305627 0.881478 -0.44795 0.626565 -0.637776
-62.227 -9.76822 -121.686 0.338022 0.817899 -0.341155 0.829413 -0.442365
-74.6377 -45.5569 -146.043 0.305627 0.881478 -0.44795 0.626565 -0.637776
-96.583 -53.2716 -132.595 0.248343 0.846375 -0.426637 0.670922 -0.606502
-80.5147 -11.8349 -110.479 0.290286 0.788646 -0.332666 0.822793 -0.460809
-96.583 -53.2716 -132.595 0.248343 0.846375 -0.426637 0.670922 -0.606502
-116.154 -45.4956 -115.88 0.197257 0.802743 -0.425613 0.668554 -0.609827
-96.8242 -10.2995 -96.5494 0.247714 0.752286 -0.319923 0.842026 -0.434328
-116.154 -45.4956 -115.88 0.197257 0.802743 -0.425613 0.668554 -0.609827
-132.87 -41.2102 -96.3081 0.153625 0.751656 -0.533032 0.671212 -0.515122
-110.754 -8.00801 -80.2399 0.211354 0.709713 -0.378167 0.862868 -0.335333
-132.87 -41.2102 -96.3081 0.153625 0.751656 -0.533032 0.671212 -0.515122
-146.318 -37.8096 -74.3628 0.118521 0.694373 -0.602993 0.712365 -0.359075
-121.961 -8.17334 -61.9521 0.182101 0.661977 -0.432402 0.863881 -0.258339
-146.318 -37.8096 -74.3628 0.118521 0.694373 -0.602993 0.712365 -0.359075
-156.167 -38.255 -50.584 0.092811 0.632303 -0.626641 0.692098 -0.35822
-130.168 -5.80365 -42.1364 0.160676 0.610253 -0.399352 0.874569 -0.275041
-156.167 -38.255 -50.584 0.092811 0.632303 -0.626641 0.692098 -0.35822
-162.176 -22.3135 -26.8949 0.077128 0.570468 -0.620389 0.707008 -0.339496
-135.175 -3.69003 -21.2807 0.147607 0.555813 -0.38178 0.914827 -0.131663
-162.176 -22.3135 -26.8949 0.077128 0.570468 -0.620389 0.707008 -0.339496
-164.195 -20.1004 0.101615 0.071857 0.5 -0.560271 0.827877 0.026761
-136.858 -3.33615 0.101593 0.143214 0.5 -0.41356 0.910444 0.007758
-164.195 -20.1004 0.101615 0.071857 0.5 -0.560271 0.827877 0.026761
-162.176 -24.0942 25.7603 0.077128 0.433023 -0.561059 0.827554 0.019138
-135.175 -3.37132 21.4838 0.147607 0.444186 -0.419623 0.906773 0.04098
-162.176 -24.0942 25.7603 0.077128 0.433023 -0.561059 0.827554 0.019138
-156.167 -17.2981 50.7872 0.092812 0.367696 -0.566636 0.815824 0.115567
-130.168 -3.32705 42.3396 0.160676 0.389747 -0.29848 0.946071 0.125931
-156.167 -17.2981 50.7872 0.092812 0.367696 -0.566636 0.815824 0.115567
-146.318 -11.8158 74.566 0.118522 0.305627 -0.466828 0.838702 0.280448
-121.96 -6.64848 62.1553 0.182102 0.338022 -0.197875 0.943999 0.26403
-146.318 -11.8158 74.566 0.118522 0.305627 -0.466828 0.838702 0.280448
-132.87 -21.8884 96.5113 0.153625 0.248343 -0.287858 0.880788 0.375966
-110.754 -8.89566 80.443 0.211354 0.290286 -0.342687 0.906603 0.246247
-132.87 -21.8884 96.5113 0.153625 0.248343 -0.287858 0.880788 0.375966
-116.154 -17.2111 116.083 0.197257 0.197257 -0.527228 0.81415 0.24329
-96.824 -7.67178 96.7525 0.247715 0.247714 -0.343348 0.924603 0.164986
-116.154 -17.2111 116.083 0.197257 0.197257 -0.527228 0.81415 0.24329
-96.5828 -8.29404 132.798 0.248344 0.153624 -0.359583 0.888657 0.284584
-80.5145 -3.94731 110.682 0.290287 0.211354 -0.187509 0.967398 0.170242
-96.5828 -8.29404 132.798 0.248344 0.153624 -0.359583 0.888657 0.284584
-74.6375 -9.4536 146.246 0.305628 0.118521 -0.032372 0.911467 0.410097
-62.2268 -4.60678 121.889 0.338023 0.182101 0.006518 0.960121 0.279509
-74.6375 -9.4536 146.246 0.305628 0.118521 -0.032372 0.911467 0.410097
-50.8586 -18.9321 156.096 0.367697 0.092811 -0.108009 0.889808 0.443369
-42.4111 -8.74489 130.097 0.389748 0.160676 -0.152181 0.939226 0.307726
-50.8586 -18.9321 156.096 0.367697 0.092811 -0.108009 0.889808 0.443369
-25.8317 -9.4536 162.104 0.433024 0.077128 -0.27719 0.860151 0.428142
-21.5553 -3.5702 135.104 0.444187 0.147606 -0.268784 0.937498 0.221026
-25.8317 -9.4536 162.104 0.433024 0.077128 -0.27719 0.860151 0.428142
-0.173006 -4.84722 164.123 0.500001 0.071857 -0.122165 0.867878 0.481521
-0.173046 3.25939 136.786 0.500001 0.143214 -0.138076 0.972892 0.185517
-0.173006 -4.84722 164.123 0.500001 0.071857 -0.122165 0.867878 0.481521
25.4857 -3.59535 162.104 0.566977 0.077128 0.044379 0.890145 0.453512
21.2092 3.6189 135.104 0.555814 0.147607 -0.045841 0.974889 0.217921
25.4857 -3.59535 162.104 0.566977 0.077128 0.044379 0.890145 0.453512
50.5126 -3.49902 156.096 0.632304 0.092812 0.103676 0.885579 0.452771
42.0649 6.90335 130.097 0.610254 0.160677 -0.00641 0.962497 0.271216
50.5126 -3.49902 156.096 0.632304 0.092812 0.103676 0.885579 0.452771
74.2914 -2.38463 146.246 0.694374 0.118522 0.190551 0.891138 0.41178
61.8806 7.40797 121.889 0.661978 0.182102 0.104569 0.965561 0.238239
74.2914 -2.38463 146.246 0.694374 0.118522 0.190551 0.891138 0.41178
96.2367 -2.07074 132.798 0.751657 0.153625 0.283724 0.876806 0.388217
80.1684 7.31065 110.682 0.709714 0.211354 0.163315 0.968509 0.187934
96.2367 -2.07074 132.798 0.751657 0.153625 0.283724 0.876806 0.388217
115.808 -1.03671 116.082 0.802744 0.197258 0.370569 0.858932 0.353431
96.4778 5.82512 96.7522 0.752286 0.247715 0.212198 0.974118 0.07788
115.808 -1.03671 116.082 0.802744 0.197258 0.370569 0.858932 0.353431
132.523 -1.20004 96.5109 0.846376 0.248344 0.422578 0.871694 0.248149
110.407 2.15767 80.4427 0.788646 0.290287 0.202991 0.979039 0.016656
132.523 -1.20004 96.5109 0.846376 0.248344 0.422578 0.871694 0.248149
145.972 -3.61416 74.5656 0.881479 0.305628 0.51327 0.844938 0.150447
121.614 1.78467 62.1549 0.817899 0.338023 0.154615 0.986955 0.044873
145.972 -3.61416 74.5656 0.881479 0.305628 0.51327 0.844938 0.150447
155.821 -4.31731 50.7868 0.907189 0.367697 0.616147 0.77713 0.128183
129.822 1.78467 42.3392 0.839324 0.389748 0.149199 0.985983 -0.074683
155.821 -4.31731 50.7868 0.907189 0.367697 0.616147 0.77713 0.128183
161.829 -8.05603 25.7598 0.922872 0.433025 0.62172 0.783236 -0.002207
134.829 -3.88271 21.4835 0.852394 0.444187 0.194315 0.971703 -0.134296
161.829 -8.05603 25.7598 0.922872 0.433025 0.62172 0.783236 -0.002207
163.849 -11.9521 0.101483 0.928143 0.5 0.590512 0.806031 -0.040114
109.175 -1.96843 0.101483 0.785429 0.5 0.184044 0.978256 -0.095615
136.512 -5.98668 0.101483 0.856786 0.5 0.191156 0.979686 -0.060624
134.829 -6.21831 -21.2808 0.852393 0.555814 0.179004 0.983701 -0.017049
107.828 -0.94738 -17.0043 0.781915 0.544651 0.204994 0.978707 -0.01051
134.829 -6.21831 -21.2808 0.852393 0.555814 0.179004 0.983701 -0.017049
129.822 -5.5797 -42.1365 0.839324 0.610253 0.167681 0.98533 -0.031757
103.823 -1.34771 -33.6889 0.771459 0.588202 0.182956 0.980897 -0.066098
129.822 -5.5797 -42.1365 0.839324 0.610253 0.167681 0.98533 -0.031757
121.614 -5.6177 -61.9522 0.817899 0.661978 0.125077 0.99004 -0.064625
97.2565 -1.16387 -49.5415 0.754319 0.629582 0.19238 0.979235 -0.063938
121.614 -5.6177 -61.9522 0.817899 0.661978 0.125077 0.99004 -0.064625
110.407 -5.4205 -80.2399 0.788646 0.709714 0.163113 0.965929 -0.200934
88.2911 0.031588 -64.1716 0.730917 0.667771 0.196006 0.978778 -0.059795
110.407 -5.4205 -80.2399 0.788646 0.709714 0.163113 0.965929 -0.200934
96.4776 -4.88116 -96.5494 0.752286 0.752286 0.269803 0.893744 -0.358368
77.1475 1.78467 -77.2192 0.701829 0.701829 0.139597 0.983145 -0.118064
96.4776 -4.88116 -96.5494 0.752286 0.752286 0.269803 0.893744 -0.358368
80.1682 -9.2124 -110.479 0.709714 0.788646 0.216786 0.871703 -0.439474
64.0999 1.78467 -88.3629 0.667771 0.730917 0.165042 0.968839 -0.184697
80.1682 -9.2124 -110.479 0.709714 0.788646 0.216786 0.871703 -0.439474
61.8804 -10.3857 -121.686 0.661977 0.817899 0.241197 0.86221 -0.445442
49.4697 2.86831 -97.3283 0.629582 0.754319 0.19985 0.954514 -0.221274
61.8804 -10.3857 -121.686 0.661977 0.817899 0.241197 0.86221 -0.445442
42.0647 -7.91302 -129.894 0.610253 0.839324 0.242573 0.833555 -0.496331
33.6171 4.07325 -103.895 0.588202 0.771459 0.136152 0.958917 -0.248878
42.0647 -7.91302 -129.894 0.610253 0.839324 0.242573 0.833555 -0.496331
21.209 -5.37381 -134.901 0.555813 0.852393 0.138046 0.841004 -0.523122
16.9325 4.15223 -107.9 0.544651 0.781915 -0.035092 0.968463 -0.246674
21.209 -5.37381 -134.901 0.555813 0.852393 0.138046 0.841004 -0.523122
-0.173265 -4.93191 -136.583 0.5 0.856786 -0.082259 0.859059 -0.505224
-0.173261 0.439282 -109.246 0.5 0.785429 -0.145476 0.961131 -0.234657
-0.173265 -4.93191 -136.583 0.5 0.856786 -0.082259 0.859059 -0.505224
-21.5555 -7.02938 -134.901 0.444186 0.852393 -0.12378 0.829605 -0.544458
-17.2791 -1.52554 -107.9 0.455349 0.781915 -0.097846 0.96111 -0.25825
-21.5555 -7.02938 -134.901 0.444186 0.852393 -0.12378 0.829605 -0.544458
-42.4113 -7.18464 -129.894 0.389747 0.839324 -0.214791 0.844412 -0.490748
-33.9637 -1.69758 -103.895 0.411797 0.771459 -0.163143 0.963218 -0.213531
-42.4113 -7.18464 -129.894 0.389747 0.839324 -0.214791 0.844412 -0.490748
-62.227 -9.76822 -121.686 0.338022 0.817899 -0.341155 0.829413 -0.442365
-49.8162 -4.61495 -97.3283 0.370418 0.754319 -0.234163 0.959926 -0.15398
-62.227 -9.76822 -121.686 0.338022 0.817899 -0.341155 0.829413 -0.442365
-80.5147 -11.8349 -110.479 0.290286 0.788646 -0.332666 0.822793 -0.460809
-64.4464 -6.6408 -88.3629 0.332229 0.730917 -0.155931 0.968899 -0.192148
-80.5147 -11.8349 -110.479 0.290286 0.788646 -0.332666 0.822793 -0.460809
-96.8242 -10.2995 -96.5494 0.247714 0.752286 -0.319923 0.842026 -0.434328
-77.494 -4.7782 -77.2192 0.298171 0.701829 -0.090678 0.971141 -0.220596
-96.8242 -10.2995 -96.5494 0.247714 0.752286 -0.319923 0.842026 -0.434328
-110.754 -8.00801 -80.2399 0.211354 0.709713 -0.378167 0.862868 -0.335333
-88.6377 -3.25406 -64.1716 0.269083 0.667771 -0.135305 0.980527 -0.142332
-110.754 -8.00801 -80.2399 0.211354 0.709713 -0.378167 0.862868 -0.335333
-121.961 -8.17334 -61.9521 0.182101 0.661977 -0.432402 0.863881 -0.258339
-97.6031 -3.56533 -49.5414 0.245681 0.629582 -0.158017 0.975031 -0.156031
-121.961 -8.17334 -61.9521 0.182101 0.661977 -0.432402 0.863881 -0.258339
-130.168 -5.80365 -42.1364 0.160676 0.610253 -0.399352 0.874569 -0.275041
-104.169 -0.928272 -33.6888 0.228541 0.588202 -0.150265 0.960672 -0.233515
-130.168 -5.80365 -42.1364 0.160676 0.610253 -0.399352 0.874569 -0.275041
-135.175 -3.69003 -21.2807 0.147607 0.555813 -0.38178 0.914827 -0.131663
-108.175 3.56246 -17.0042 0.218085 0.544651 -0.161548 0.975708 -0.147975
-135.175 -3.69003 -21.2807 0.147607 0.555813 -0.38178 0.914827 -0.131663
-136.858 -3.33615 0.101593 0.143214 0.5 -0.41356 0.910444 0.007758
-109.521 3.97952 0.101571 0.214571 0.5 -0.159369 0.987216 -0.002296
-136.858 -3.33615 0.101593 0.143214 0.5 -0.41356 0.910444 0.007758
-135.175 -3.37132 21.4838 0.147607 0.444186 -0.419623 0.906773 0.04098
-108.175 3.61867 17.2074 0.218085 0.455349 -0.176834 0.984045 0.019618
-135.175 -3.37132 21.4838 0.147607 0.444186 -0.419623 0.906773 0.04098
-130.168 -3.32705 42.3396 0.160676 0.389747 -0.29848 0.946071 0.125931
-104.169 4.07684 33.892 0.228541 0.411797 -0.213968 0.97534 0.054127
-130.168 -3.32705 42.3396 0.160676 0.389747 -0.29848 0.946071 0.125931
-121.96 -6.64848 62.1553 0.182102 0.338022 -0.197875 0.943999 0.26403
-97.603 4.76036 49.7445 0.245681 0.370418 -0.256594 0.960406 0.108536
-121.96 -6.64848 62.1553 0.182102 0.338022 -0.197875 0.943999 0.26403
-110.754 -8.89566 80.443 0.211354 0.290286 -0.342687 0.906603 0.246247
-88.6376 5.34616 64.3747 0.269083 0.332229 -0.251424 0.955158 0.156392
-110.754 -8.89566 80.443 0.211354 0.290286 -0.342687 0.906603 0.246247
-96.824 -7.67178 96.7525 0.247715 0.247714 -0.343348 0.924603 0.164986
-77.4939 5.33882 77.4223 0.298172 0.298171 -0.198971 0.962314 0.185369
-96.824 -7.67178 96.7525 0.247715 0.247714 -0.343348 0.924603 0.164986
-80.5145 -3.94731 110.682 0.290287 0.211354 -0.187509 0.967398 0.170242
-64.4463 4.75343 88.5659 0.332229 0.269083 -0.095084 0.971361 0.217752
-80.5145 -3.94731 110.682 0.290287 0.211354 -0.187509 0.967398 0.170242
-62.2268 -4.60678 121.889 0.338023 0.182101 0.006518 0.960121 0.279509
-49.8161 3.19831 97.5313 0.370418 0.245681 -0.054415 0.963561 0.261896
-62.2268 -4.60678 121.889 0.338023 0.182101 0.006518 0.960121 0.279509
-42.4111 -8.74489 130.097 0.389748 0.160676 -0.152181 0.939226 0.307726
-33.9635 2.80682 104.098 0.411798 0.228541 -0.11778 0.959606 0.255508
-42.4111 -8.74489 130.097 0.389748 0.160676 -0.152181 0.939226 0.307726
-21.5553 -3.5702 135.104 0.444187 0.147606 -0.268784 0.937498 0.221026
-17.2789 3.80381 108.103 0.45535 0.218085 -0.088137 0.984682 0.150444
-21.5553 -3.5702 135.104 0.444187 0.147606 -0.268784 0.937498 0.221026
-0.173046 3.25939 136.786 0.500001 0.143214 -0.138076 0.972892 0.185517
-0.173085 4.16302 109.449 0.5 0.214571 -0.104381 0.988706 0.10754
-0.173046 3.25939 136.786 0.500001 0.143214 -0.138076 0.972892 0.185517
21.2092 3.6189 135.104 0.555814 0.147607 -0.045841 0.974889 0.217921
16.9327 7.99313 108.103 0.544651 0.218085 -0.17451 0.967137 0.184909
21.2092 3.6189 135.104 0.555814 0.147607 -0.045841 0.974889 0.217921
42.0649 6.90335 130.097 0.610254 0.160677 -0.00641 0.962497 0.271216
33.6173 11.352 104.098 0.588203 0.228541 -0.074231 0.978164 0.194126
42.0649 6.90335 130.097 0.610254 0.160677 -0.00641 0.962497 0.271216
61.8806 7.40797 121.889 0.661978 0.182102 0.104569 0.965561 0.238239
49.4699 12.5949 97.5312 0.629582 0.245681 0.047744 0.981229 0.186843
61.8806 7.40797 121.889 0.661978 0.182102 0.104569 0.965561 0.238239
80.1684 7.31065 110.682 0.709714 0.211354 0.163315 0.968509 0.187934
64.1 12.6219 88.5658 0.667771 0.269084 0.14148 0.978626 0.149249
80.1684 7.31065 110.682 0.709714 0.211354 0.163315 0.968509 0.187934
96.4778 5.82512 96.7522 0.752286 0.247715 0.212198 0.974118 0.07788
77.1476 11.6382 77.4221 0.701829 0.298172 0.238431 0.969594 0.055122
96.4778 5.82512 96.7522 0.752286 0.247715 0.212198 0.974118 0.07788
110.407 2.15767 80.4427 0.788646 0.290287 0.202991 0.979039 0.016656
88.2913 7.88185 64.3745 0.730917 0.33223 0.277035 0.959844 -0.044179
110.407 2.15767 80.4427 0.788646 0.290287 0.202991 0.979039 0.016656
121.614 1.78467 62.1549 0.817899 0.338023 0.154615 0.986955 0.044873
97.2566 3.5757 49.7442 0.754319 0.370419 0.202017 0.977363 -0.062849
121.614 1.78467 62.1549 0.817899 0.338023 0.154615 0.986955 0.044873
129.822 1.78467 42.3392 0.839324 0.389748 0.149199 0.985983 -0.074683
103.823 2.58375 33.8917 0.771459 0.411798 0.152008 0.988006 -0.027166
129.822 1.78467 42.3392 0.839324 0.389748 0.149199 0.985983 -0.074683
134.829 -3.88271 21.4835 0.852394 0.444187 0.194315 0.971703 -0.134296
107.829 2.68565 17.2071 0.781915 0.45535 0.172573 0.980919 -0.089535
134.829 -3.88271 21.4835 0.852394 0.444187 0.194315 0.971703 -0.134296
136.512 -5.98668 0.101483 0.856786 0.5 0.191156 0.979686 -0.060624
81.8377 5.13253 0.101483 0.714072 0.5 0.196992 0.980404 0.001196
109.175 -1.96843 0.101483 0.785429 0.5 0.184044 0.978256 -0.095615
107.828 -0.94738 -17.0043 0.781915 0.544651 0.204994 0.978707 -0.01051
80.8281 5.42782 -12.7279 0.711436 0.533488 0.156864 0.987309 -0.024781
107.828 -0.94738 -17.0043 0.781915 0.544651 0.204994 0.978707 -0.01051
103.823 -1.34771 -33.6889 0.771459 0.588202 0.182956 0.980897 -0.066098
77.8238 5.42782 -25.2413 0.703594 0.566152 0.122122 0.990956 -0.055614
103.823 -1.34771 -33.6889 0.771459 0.588202 0.182956 0.980897 -0.066098
97.2565 -1.16387 -49.5415 0.754319 0.629582 0.19238 0.979235 -0.063938
72.8991 5.13253 -37.1307 0.690739 0.597187 0.08677 0.993171 -0.077995
97.2565 -1.16387 -49.5415 0.754319 0.629582 0.19238 0.979235 -0.063938
88.2911 0.031588 -64.1716 0.730917 0.667771 0.196006 0.978778 -0.059795
66.175 4.19953 -48.1034 0.673188 0.625828 0.043492 0.993805 -0.102275
88.2911 0.031588 -64.1716 0.730917 0.667771 0.196006 0.978778 -0.059795
77.1475 1.78467 -77.2192 0.701829 0.701829 0.139597 0.983145 -0.118064
57.8173 2.90929 -57.889 0.651371 0.651372 0.083802 0.993503 -0.076998
77.1475 1.78467 -77.2192 0.701829 0.701829 0.139597 0.983145 -0.118064
64.0999 1.78467 -88.3629 0.667771 0.730917 0.165042 0.968839 -0.184697
48.0316 4.32243 -66.2468 0.625828 0.673188 0.209731 0.976917 -0.040569
64.0999 1.78467 -88.3629 0.667771 0.730917 0.165042 0.968839 -0.184697
49.4697 2.86831 -97.3283 0.629582 0.754319 0.19985 0.954514 -0.221274
37.059 7.09469 -72.9708 0.597186 0.690739 0.220321 0.973188 -0.066053
49.4697 2.86831 -97.3283 0.629582 0.754319 0.19985 0.954514 -0.221274
33.6171 4.07325 -103.895 0.588202 0.771459 0.136152 0.958917 -0.248878
25.1695 9.04851 -77.8956 0.566152 0.703594 0.131774 0.985123 -0.110308
33.6171 4.07325 -103.895 0.588202 0.771459 0.136152 0.958917 -0.248878
16.9325 4.15223 -107.9 0.544651 0.781915 -0.035092 0.968463 -0.246674
12.6561 9.69826 -80.8998 0.533488 0.711436 0.029239 0.986526 -0.16097
16.9325 4.15223 -107.9 0.544651 0.781915 -0.035092 0.968463 -0.246674
-0.173261 0.439282 -109.246 0.5 0.785429 -0.145476 0.961131 -0.234657
-0.173256 9.6955 -81.9095 0.5 0.714072 -0.025244 0.974667 -0.222231
-0.173261 0.439282 -109.246 0.5 0.785429 -0.145476 0.961131 -0.234657
-17.2791 -1.52554 -107.9 0.455349 0.781915 -0.097846 0.96111 -0.25825
-13.0026 9.04583 -80.8998 0.466512 0.711436 -0.11623 0.965903 -0.231346
-17.2791 -1.52554 -107.9 0.455349 0.781915 -0.097846 0.96111 -0.25825
-33.9637 -1.69758 -103.895 0.411797 0.771459 -0.163143 0.963218 -0.213531
-25.5161 7.09224 -77.8956 0.433848 0.703594 -0.235581 0.953121 -0.189901
-33.9637 -1.69758 -103.895 0.411797 0.771459 -0.163143 0.963218 -0.213531
-49.8162 -4.61495 -97.3283 0.370418 0.754319 -0.234163 0.959926 -0.15398
-37.4055 4.32029 -72.9708 0.402813 0.690739 -0.291468 0.941773 -0.167662
-49.8162 -4.61495 -97.3283 0.370418 0.754319 -0.234163 0.959926 -0.15398
-64.4464 -6.6408 -88.3629 0.332229 0.730917 -0.155931 0.968899 -0.192148
-48.3781 1.78467 -66.2468 0.374172 0.673187 -0.239995 0.950962 -0.195122
-64.4464 -6.6408 -88.3629 0.332229 0.730917 -0.155931 0.968899 -0.192148
-77.494 -4.7782 -77.2192 0.298171 0.701829 -0.090678 0.971141 -0.220596
-58.1638 1.78467 -57.889 0.348628 0.651371 -0.168176 0.960566 -0.221429
-77.494 -4.7782 -77.2192 0.298171 0.701829 -0.090678 0.971141 -0.220596
-88.6377 -3.25406 -64.1716 0.269083 0.667771 -0.135305 0.980527 -0.142332
-66.5216 2.87736 -48.1033 0.326812 0.625828 -0.165914 0.964015 -0.207721
-88.6377 -3.25406 -64.1716 0.269083 0.667771 -0.135305 0.980527 -0.142332
-97.6031 -3.56533 -49.5414 0.245681 0.629582 -0.158017 0.975031 -0.156031
-73.2456 4.13097 -37.1307 0.309261 0.597186 -0.175178 0.967019 -0.184898
-97.6031 -3.56533 -49.5414 0.245681 0.629582 -0.158017 0.975031 -0.156031
-104.169 -0.928272 -33.6888 0.228541 0.588202 -0.150265 0.960672 -0.233515
-78.1703 5.03749 -25.2413 0.296406 0.566152 -0.150486 0.981302 -0.120003
-104.169 -0.928272 -33.6888 0.228541 0.588202 -0.150265 0.960672 -0.233515
-108.175 3.56246 -17.0042 0.218085 0.544651 -0.161548 0.975708 -0.147975
-81.1746 5.3244 -12.7278 0.288564 0.533488 -0.123067 0.991735 -0.036282
-108.175 3.56246 -17.0042 0.218085 0.544651 -0.161548 0.975708 -0.147975
-109.521 3.97952 0.101571 0.214571 0.5 -0.159369 0.987216 -0.002296
-82.1842 5.3244 0.101549 0.285928 0.5 -0.14657 0.988119 -0.046229
-109.521 3.97952 0.101571 0.214571 0.5 -0.159369 0.987216 -0.002296
-108.175 3.61867 17.2074 0.218085 0.455349 -0.176834 0.984045 0.019618
-81.1745 6.80365 12.9309 0.288564 0.466512 -0.180051 0.981526 -0.064714
-108.175 3.61867 17.2074 0.218085 0.455349 -0.176834 0.984045 0.019618
-104.169 4.07684 33.892 0.228541 0.411797 -0.213968 0.97534 0.054127
-78.1703 7.91339 25.4443 0.296406 0.433848 -0.166046 0.986117 0.001423
-104.169 4.07684 33.892 0.228541 0.411797 -0.213968 0.97534 0.054127
-97.603 4.76036 49.7445 0.245681 0.370418 -0.256594 0.960406 0.108536
-73.2455 8.11762 37.3338 0.309261 0.402813 -0.137425 0.989417 0.046575
-97.603 4.76036 49.7445 0.245681 0.370418 -0.256594 0.960406 0.108536
-88.6376 5.34616 64.3747 0.269083 0.332229 -0.251424 0.955158 0.156392
-66.5215 8.47061 48.3064 0.326813 0.374172 -0.132035 0.990073 0.048184
-88.6376 5.34616 64.3747 0.269083 0.332229 -0.251424 0.955158 0.156392
-77.4939 5.33882 77.4223 0.298172 0.298171 -0.198971 0.962314 0.185369
-58.1637 9.42169 58.0921 0.348629 0.348628 -0.118555 0.990597 0.068287
-77.4939 5.33882 77.4223 0.298172 0.298171 -0.198971 0.962314 0.185369
-64.4463 4.75343 88.5659 0.332229 0.269083 -0.095084 0.971361 0.217752
-48.378 9.60327 66.4498 0.374172 0.326812 -0.063886 0.990492 0.121837
-64.4463 4.75343 88.5659 0.332229 0.269083 -0.095084 0.971361 0.217752
-49.8161 3.19831 97.5313 0.370418 0.245681 -0.054415 0.963561 0.261896
-37.4054 9.09206 73.1739 0.402814 0.309261 -0.01496 0.987732 0.155438
-49.8161 3.19831 97.5313 0.370418 0.245681 -0.054415 0.963561 0.261896
-33.9635 2.80682 104.098 0.411798 0.228541 -0.11778 0.959606 0.255508
-25.5159 7.90171 78.0986 0.433849 0.296406 0.031794 0.987193 0.156333
-33.9635 2.80682 104.098 0.411798 0.228541 -0.11778 0.959606 0.255508
-17.2789 3.80381 108.103 0.45535 0.218085 -0.088137 0.984682 0.150444
-13.0025 6.50166 81.1028 0.466512 0.288564 -0.043844 0.988662 0.143614
-17.2789 3.80381 108.103 0.45535 0.218085 -0.088137 0.984682 0.150444
-0.173085 4.16302 109.449 0.5 0.214571 -0.104381 0.988706 0.10754
-0.173125 8.79145 82.1125 0.5 0.285928 -0.216307 0.961919 0.167101
-0.173085 4.16302 109.449 0.5 0.214571 -0.104381 0.988706 0.10754
16.9327 7.99313 108.103 0.544651 0.218085 -0.17451 0.967137 0.184909
12.6562 12.3541 81.1028 0.533489 0.288564 -0.23317 0.954388 0.186483
16.9327 7.99313 108.103 0.544651 0.218085 -0.17451 0.967137 0.184909
33.6173 11.352 104.098 0.588203 0.228541 -0.074231 0.978164 0.194126
25.1697 16.0184 78.0985 0.566152 0.296406 -0.161532 0.96789 0.192605
33.6173 11.352 104.098 0.588203 0.228541 -0.074231 0.978164 0.194126
49.4699 12.5949 97.5312 0.629582 0.245681 0.047744 0.981229 0.186843
37.0591 18.3681 73.1738 0.597187 0.309261 -0.032096 0.987467 0.154525
49.4699 12.5949 97.5312 0.629582 0.245681 0.047744 0.981229 0.186843
64.1 12.6219 88.5658 0.667771 0.269084 0.14148 0.978626 0.149249
48.0317 18.8112 66.4497 0.625829 0.326813 0.085196 0.993646 0.073553
64.1 12.6219 88.5658 0.667771 0.269084 0.14148 0.978626 0.149249
77.1476 11.6382 77.4221 0.701829 0.298172 0.238431 0.969594 0.055122
57.8174 17.7217 58.0919 0.651372 0.348629 0.177741 0.9837 -0.027233
77.1476 11.6382 77.4221 0.701829 0.298172 0.238431 0.969594 0.055122
88.2913 7.88185 64.3745 0.730917 0.33223 0.277035 0.959844 -0.044179
66.1751 15.1055 48.3062 0.673188 0.374172 0.254007 0.95956 -0.121343
88.2913 7.88185 64.3745 0.730917 0.33223 0.277035 0.959844 -0.044179
97.2566 3.5757 49.7442 0.754319 0.370419 0.202017 0.977363 -0.062849
72.8991 10.6691 37.3336 0.690739 0.402814 0.26822 0.946345 -0.180246
97.2566 3.5757 49.7442 0.754319 0.370419 0.202017 0.977363 -0.062849
103.823 2.58375 33.8917 0.771459 0.411798 0.152008 0.988006 -0.027166
77.8239 6.65573 25.4441 0.703594 0.433849 0.199443 0.970488 -0.135557
103.823 2.58375 33.8917 0.771459 0.411798 0.152008 0.988006 -0.027166
107.829 2.68565 17.2071 0.781915 0.45535 0.172573 0.980919 -0.089535
80.8281 5.28212 12.9307 0.711436 0.466512 0.174733 0.982786 -0.059999
107.829 2.68565 17.2071 0.781915 0.45535 0.172573 0.980919 -0.089535
109.175 -1.96843 0.101483 0.785429 0.5 0.184044 0.978256 -0.095615
54.5008 8.45286 0.101483 0.642714 0.5 0.19868 0.965032 -0.170995
81.8377 5.13253 0.101483 0.714072 0.5 0.196992 0.980404 0.001196
80.8281 5.42782 -12.7279 0.711436 0.533488 0.156864 0.987309 -0.024781
53.8276 6.83058 -8.45141 0.640957 0.522325 0.155531 0.970363 -0.184946
80.8281 5.42782 -12.7279 0.711436 0.533488 0.156864 0.987309 -0.024781
77.8238 5.42782 -25.2413 0.703594 0.566152 0.122122 0.990956 -0.055614
51.8248 5.42782 -16.7937 0.635729 0.544101 0.160796 0.980473 -0.113213
77.8238 5.42782 -25.2413 0.703594 0.566152 0.122122 0.990956 -0.055614
72.8991 5.13253 -37.1307 0.690739 0.597187 0.08677 0.993171 -0.077995
48.5416 5.92434 -24.72 0.627159 0.564791 0.218812 0.975377 -0.027576
72.8991 5.13253 -37.1307 0.690739 0.597187 0.08677 0.993171 -0.077995
66.175 4.19953 -48.1034 0.673188 0.625828 0.043492 0.993805 -0.102275
44.0589 7.05877 -32.0351 0.615458 0.583885 0.266945 0.962997 -0.037104
66.175 4.19953 -48.1034 0.673188 0.625828 0.043492 0.993805 -0.102275
57.8173 2.90929 -57.889 0.651371 0.651372 0.083802 0.993503 -0.076998
38.4871 8.59089 -38.5589 0.600914 0.600914 0.287403 0.955569 -0.065477
57.8173 2.90929 -57.889 0.651371 0.651372 0.083802 0.993503 -0.076998
48.0316 4.32243 -66.2468 0.625828 0.673188 0.209731 0.976917 -0.040569
31.9633 9.9983 -44.1307 0.583885 0.615458 0.23658 0.967184 -0.092657
48.0316 4.32243 -66.2468 0.625828 0.673188 0.209731 0.976917 -0.040569
37.059 7.09469 -72.9708 0.597186 0.690739 0.220321 0.973188 -0.066053
24.6482 10.9403 -48.6134 0.564791 0.627159 0.153666 0.982561 -0.104695
37.059 7.09469 -72.9708 0.597186 0.690739 0.220321 0.973188 -0.066053
25.1695 9.04851 -77.8956 0.566152 0.703594 0.131774 0.985123 -0.110308
16.7219 11.5042 -51.8966 0.544101 0.635729 0.084203 0.990908 -0.104931
25.1695 9.04851 -77.8956 0.566152 0.703594 0.131774 0.985123 -0.110308
12.6561 9.69826 -80.8998 0.533488 0.711436 0.029239 0.986526 -0.16097
8.37965 11.8126 -53.8994 0.522325 0.640957 0.081941 0.991076 -0.105138
12.6561 9.69826 -80.8998 0.533488 0.711436 0.029239 0.986526 -0.16097
-0.173256 9.6955 -81.9095 0.5 0.714072 -0.025244 0.974667 -0.222231
-0.173251 12.8336 -54.5725 0.5 0.642714 0.093633 0.987735 -0.124946
-0.173256 9.6955 -81.9095 0.5 0.714072 -0.025244 0.974667 -0.222231
-13.0026 9.04583 -80.8998 0.466512 0.711436 -0.11623 0.965903 -0.231346
-8.72615 13.6245 -53.8994 0.477674 0.640957 0.003224 0.9888 -0.149213
-13.0026 9.04583 -80.8998 0.466512 0.711436 -0.11623 0.965903 -0.231346
-25.5161 7.09224 -77.8956 0.433848 0.703594 -0.235581 0.953121 -0.189901
-17.0685 13.4437 -51.8966 0.455899 0.635729 -0.123885 0.980585 -0.152004
-25.5161 7.09224 -77.8956 0.433848 0.703594 -0.235581 0.953121 -0.189901
-37.4055 4.32029 -72.9708 0.402813 0.690739 -0.291468 0.941773 -0.167662
-24.9947 12.4779 -48.6134 0.435209 0.627159 -0.200101 0.966975 -0.157859
-37.4055 4.32029 -72.9708 0.402813 0.690739 -0.291468 0.941773 -0.167662
-48.3781 1.78467 -66.2468 0.374172 0.673187 -0.239995 0.950962 -0.195122
-32.3098 11.6029 -44.1307 0.416115 0.615458 -0.224052 0.960713 -0.163803
-48.3781 1.78467 -66.2468 0.374172 0.673187 -0.239995 0.950962 -0.195122
-58.1638 1.78467 -57.889 0.348628 0.651371 -0.168176 0.960566 -0.221429
-38.8336 10.7814 -38.5588 0.399086 0.600914 -0.233726 0.962965 -0.134429
-58.1638 1.78467 -57.889 0.348628 0.651371 -0.168176 0.960566 -0.221429
-66.5216 2.87736 -48.1033 0.326812 0.625828 -0.165914 0.964015 -0.207721
-44.4055 10.1109 -32.0351 0.384542 0.583885 -0.215235 0.969389 -0.118151
-66.5216 2.87736 -48.1033 0.326812 0.625828 -0.165914 0.964015 -0.207721
-73.2456 4.13097 -37.1307 0.309261 0.597186 -0.175178 0.967019 -0.184898
-48.8881 10.1045 -24.72 0.37284 0.564791 -0.191725 0.974516 -0.116447
-73.2456 4.13097 -37.1307 0.309261 0.597186 -0.175178 0.967019 -0.184898
-78.1703 5.03749 -25.2413 0.296406 0.566152 -0.150486 0.981302 -0.120003
-52.1713 10.3774 -16.7937 0.36427 0.544101 -0.191876 0.973562 -0.123936
-78.1703 5.03749 -25.2413 0.296406 0.566152 -0.150486 0.981302 -0.120003
-81.1746 5.3244 -12.7278 0.288564 0.533488 -0.123067 0.991735 -0.036282
-54.1741 11.1975 -8.45137 0.359043 0.522325 -0.211933 0.970519 -0.114791
-81.1746 5.3244 -12.7278 0.288564 0.533488 -0.123067 0.991735 -0.036282
-82.1842 5.3244 0.101549 0.285928 0.5 -0.14657 0.988119 -0.046229
-54.8472 11.9028 0.101527 0.357286 0.5 -0.223147 0.971099 -0.084689
-82.1842 5.3244 0.101549 0.285928 0.5 -0.14657 0.988119 -0.046229
-81.1745 6.80365 12.9309 0.288564 0.466512 -0.180051 0.981526 -0.064714
-54.1741 12.6731 8.65443 0.359043 0.477674 -0.204258 0.978591 -0.025274
-81.1745 6.80365 12.9309 0.288564 0.466512 -0.180051 0.981526 -0.064714
-78.1703 7.91339 25.4443 0.296406 0.433848 -0.166046 0.986117 0.001423
-52.1713 12.8268 16.9967 0.364271 0.455899 -0.172671 0.983579 0.05251
-78.1703 7.91339 25.4443 0.296406 0.433848 -0.166046 0.986117 0.001423
-73.2455 8.11762 37.3338 0.309261 0.402813 -0.137425 0.989417 0.046575
-48.8881 12.6997 24.923 0.372841 0.435209 -0.131444 0.985346 0.1087
-73.2455 8.11762 37.3338 0.309261 0.402813 -0.137425 0.989417 0.046575
-66.5215 8.47061 48.3064 0.326813 0.374172 -0.132035 0.990073 0.048184
-44.4054 12.0648 32.2381 0.384542 0.416114 -0.107397 0.987311 0.116975
-66.5215 8.47061 48.3064 0.326813 0.374172 -0.132035 0.990073 0.048184
-58.1637 9.42169 58.0921 0.348629 0.348628 -0.118555 0.990597 0.068287
-38.8336 12.0261 38.7619 0.399086 0.399086 -0.091598 0.989257 0.113928
-58.1637 9.42169 58.0921 0.348629 0.348628 -0.118555 0.990597 0.068287
-48.378 9.60327 66.4498 0.374172 0.326812 -0.063886 0.990492 0.121837
-32.3098 11.6833 44.3337 0.416115 0.384542 -0.069142 0.988131 0.137172
-48.378 9.60327 66.4498 0.374172 0.326812 -0.063886 0.990492 0.121837
-37.4054 9.09206 73.1739 0.402814 0.309261 -0.01496 0.987732 0.155438
-24.9947 11.6145 48.8164 0.435209 0.37284 -0.074108 0.98538 0.153408
-37.4054 9.09206 73.1739 0.402814 0.309261 -0.01496 0.987732 0.155438
-25.5159 7.90171 78.0986 0.433849 0.296406 0.031794 0.987193 0.156333
-17.0684 11.7667 52.0996 0.455899 0.36427 -0.048224 0.981243 0.186643
-25.5159 7.90171 78.0986 0.433849 0.296406 0.031794 0.987193 0.156333
-13.0025 6.50166 81.1028 0.466512 0.288564 -0.043844 0.988662 0.143614
-8.72607 11.5089 54.1024 0.477675 0.359043 -0.130305 0.971319 0.198896
-13.0025 6.50166 81.1028 0.466512 0.288564 -0.043844 0.988662 0.143614
-0.173125 8.79145 82.1125 0.5 0.285928 -0.216307 0.961919 0.167101
-0.173163 13.5556 54.7755 0.5 0.357286 -0.239044 0.953666 0.1827
-0.173125 8.79145 82.1125 0.5 0.285928 -0.216307 0.961919 0.167101
12.6562 12.3541 81.1028 0.533489 0.288564 -0.23317 0.954388 0.186483
8.37974 15.8575 54.1023 0.522326 0.359043 -0.224266 0.961478 0.158946
12.6562 12.3541 81.1028 0.533489 0.288564 -0.23317 0.954388 0.186483
25.1697 16.0184 78.0985 0.566152 0.296406 -0.161532 0.96789 0.192605
16.722 18.0004 52.0995 0.544101 0.364271 -0.141506 0.984791 0.100806
25.1697 16.0184 78.0985 0.566152 0.296406 -0.161532 0.96789 0.192605
37.0591 18.3681 73.1738 0.597187 0.309261 -0.032096 0.987467 0.154525
24.6483 18.719 48.8163 0.564791 0.372841 -0.018031 0.999703 0.016399
37.0591 18.3681 73.1738 0.597187 0.309261 -0.032096 0.987467 0.154525
48.0317 18.8112 66.4497 0.625829 0.326813 0.085196 0.993646 0.073553
31.9634 18.314 44.3336 0.583886 0.384542 0.071613 0.995615 -0.060189
48.0317 18.8112 66.4497 0.625829 0.326813 0.085196 0.993646 0.073553
57.8174 17.7217 58.0919 0.651372 0.348629 0.177741 0.9837 -0.027233
38.4872 17.0215 38.7618 0.600915 0.399086 0.105349 0.991557 -0.075602
57.8174 17.7217 58.0919 0.651372 0.348629 0.177741 0.9837 -0.027233
66.1751 15.1055 48.3062 0.673188 0.374172 0.254007 0.95956 -0.121343
44.059 16.2101 32.238 0.615459 0.416115 0.153459 0.984149 -0.088883
66.1751 15.1055 48.3062 0.673188 0.374172 0.254007 0.95956 -0.121343
72.8991 10.6691 37.3336 0.690739 0.402814 0.26822 0.946345 -0.180246
48.5417 14.3087 24.9229 0.62716 0.435209 0.235431 0.958528 -0.160615
72.8991 10.6691 37.3336 0.690739 0.402814 0.26822 0.946345 -0.180246
77.8239 6.65573 25.4441 0.703594 0.433849 0.199443 0.970488 -0.135557
51.8248 11.6385 16.9966 0.63573 0.455899 0.255444 0.955516 -0.147439
77.8239 6.65573 25.4441 0.703594 0.433849 0.199443 0.970488 -0.135557
80.8281 5.28212 12.9307 0.711436 0.466512 0.174733 0.982786 -0.059999
53.8276 10.1786 8.65427 0.640957 0.477675 0.234233 0.963697 -0.128155
80.8281 5.28212 12.9307 0.711436 0.466512 0.174733 0.982786 -0.059999
81.8377 5.13253 0.101483 0.714072 0.5 0.196992 0.980404 0.001196
27.1638 18.0546 0.101483 0.571357 0.5 0.212937 0.966839 -0.140996
54.5008 8.45286 0.101483 0.642714 0.5 0.19868 0.965032 -0.170995
53.8276 6.83058 -8.45141 0.640957 0.522325 0.155531 0.970363 -0.184946
26.8272 17.3401 -4.17496 0.570479 0.511163 0.207451 0.957209 -0.201778
53.8276 6.83058 -8.45141 0.640957 0.522325 0.155531 0.970363 -0.184946
51.8248 5.42782 -16.7937 0.635729 0.544101 0.160796 0.980473 -0.113213
25.8258 16.5483 -8.34611 0.567865 0.522051 0.215862 0.960679 -0.174643
51.8248 5.42782 -16.7937 0.635729 0.544101 0.160796 0.980473 -0.113213
48.5416 5.92434 -24.72 0.627159 0.564791 0.218812 0.975377 -0.027576
24.1842 16.4158 -12.3093 0.56358 0.532396 0.233084 0.967398 -0.099057
48.5416 5.92434 -24.72 0.627159 0.564791 0.218812 0.975377 -0.027576
44.0589 7.05877 -32.0351 0.615458 0.583885 0.266945 0.962997 -0.037104
21.9429 16.6719 -15.9668 0.557729 0.541943 0.211328 0.972674 -0.096154
44.0589 7.05877 -32.0351 0.615458 0.583885 0.266945 0.962997 -0.037104
38.4871 8.59089 -38.5589 0.600914 0.600914 0.287403 0.955569 -0.065477
19.1569 16.7568 -19.2287 0.550457 0.550457 0.146585 0.97978 -0.136173
38.4871 8.59089 -38.5589 0.600914 0.600914 0.287403 0.955569 -0.065477
31.9633 9.9983 -44.1307 0.583885 0.615458 0.23658 0.967184 -0.092657
15.895 16.6529 -22.0146 0.541943 0.557729 0.072385 0.983766 -0.164207
31.9633 9.9983 -44.1307 0.583885 0.615458 0.23658 0.967184 -0.092657
24.6482 10.9403 -48.6134 0.564791 0.627159 0.153666 0.982561 -0.104695
12.2375 16.3438 -24.256 0.532395 0.56358 -0.005443 0.983817 -0.179092
24.6482 10.9403 -48.6134 0.564791 0.627159 0.153666 0.982561 -0.104695
16.7219 11.5042 -51.8966 0.544101 0.635729 0.084203 0.990908 -0.104931
8.27435 15.816 -25.8975 0.522051 0.567865 -0.053511 0.98335 -0.173665
16.7219 11.5042 -51.8966 0.544101 0.635729 0.084203 0.990908 -0.104931
8.37965 11.8126 -53.8994 0.522325 0.640957 0.081941 0.991076 -0.105138
4.1032 15.3692 -26.899 0.511163 0.570479 0.035349 0.988269 -0.148575
8.37965 11.8126 -53.8994 0.522325 0.640957 0.081941 0.991076 -0.105138
-0.173251 12.8336 -54.5725 0.5 0.642714 0.093633 0.987735 -0.124946
-0.173247 15.9232 -27.2355 0.5 0.571357 0.135943 0.981249 -0.13664
-0.173251 12.8336 -54.5725 0.5 0.642714 0.093633 0.987735 -0.124946
-8.72615 13.6245 -53.8994 0.477674 0.640957 0.003224 0.9888 -0.149213
-4.4497 16.5831 -26.899 0.488837 0.570479 0.083766 0.986553 -0.140342
-8.72615 13.6245 -53.8994 0.477674 0.640957 0.003224 0.9888 -0.149213
-17.0685 13.4437 -51.8966 0.455899 0.635729 -0.123885 0.980585 -0.152004
-8.62085 16.8745 -25.8975 0.477949 0.567865 0.016595 0.988732 -0.148776
-17.0685 13.4437 -51.8966 0.455899 0.635729 -0.123885 0.980585 -0.152004
-24.9947 12.4779 -48.6134 0.435209 0.627159 -0.200101 0.966975 -0.157859
-12.584 17.2056 -24.256 0.467604 0.56358 -0.017527 0.986558 -0.162467
-24.9947 12.4779 -48.6134 0.435209 0.627159 -0.200101 0.966975 -0.157859
-32.3098 11.6029 -44.1307 0.416115 0.615458 -0.224052 0.960713 -0.163803
-16.2415 17.4523 -22.0146 0.458057 0.557729 -0.079898 0.986164 -0.14525
-32.3098 11.6029 -44.1307 0.416115 0.615458 -0.224052 0.960713 -0.163803
-38.8336 10.7814 -38.5588 0.399086 0.600914 -0.233726 0.962965 -0.134429
-19.5034 17.4266 -19.2287 0.449543 0.550457 -0.152061 0.983987 -0.092985
-38.8336 10.7814 -38.5588 0.399086 0.600914 -0.233726 0.962965 -0.134429
-44.4055 10.1109 -32.0351 0.384542 0.583885 -0.215235 0.969389 -0.118151
-22.2893 17.0869 -15.9668 0.442271 0.541943 -0.187282 0.981051 -0.049647
-44.4055 10.1109 -32.0351 0.384542 0.583885 -0.215235 0.969389 -0.118151
-48.8881 10.1045 -24.72 0.37284 0.564791 -0.191725 0.974516 -0.116447
-24.5307 16.7851 -12.3092 0.43642 0.532395 -0.160014 0.981072 -0.109053
-48.8881 10.1045 -24.72 0.37284 0.564791 -0.191725 0.974516 -0.116447
-52.1713 10.3774 -16.7937 0.36427 0.544101 -0.191876 0.973562 -0.123936
-26.1723 17.3478 -8.3461 0.432135 0.522051 -0.136795 0.977645 -0.159681
-52.1713 10.3774 -16.7937 0.36427 0.544101 -0.191876 0.973562 -0.123936
-54.1741 11.1975 -8.45137 0.359043 0.522325 -0.211933 0.970519 -0.114791
-27.1737 17.7457 -4.17494 0.429521 0.511163 -0.150823 0.984414 -0.090455
-54.1741 11.1975 -8.45137 0.359043 0.522325 -0.211933 0.970519 -0.114791
-54.8472 11.9028 0.101527 0.357286 0.5 -0.223147 0.971099 -0.084689
-27.5102 17.9005 0.101506 0.428643 0.5 -0.151022 0.987641 -0.041932
-54.8472 11.9028 0.101527 0.357286 0.5 -0.223147 0.971099 -0.084689
-54.1741 12.6731 8.65443 0.359043 0.477674 -0.204258 0.978591 -0.025274
-27.1737 18.0881 4.37795 0.429521 0.488837 -0.140277 0.990112 0.001135
-54.1741 12.6731 8.65443 0.359043 0.477674 -0.204258 0.978591 -0.025274
-52.1713 12.8268 16.9967 0.364271 0.455899 -0.172671 0.983579 0.05251
-26.1723 18.0709 8.5491 0.432135 0.477949 -0.1171 0.990456 0.072694
-52.1713 12.8268 16.9967 0.364271 0.455899 -0.172671 0.983579 0.05251
-48.8881 12.6997 24.923 0.372841 0.435209 -0.131444 0.985346 0.1087
-24.5307 17.7783 12.5122 0.43642 0.467604 -0.106483 0.988671 0.10579
-48.8881 12.6997 24.923 0.372841 0.435209 -0.131444 0.985346 0.1087
-44.4054 12.0648 32.2381 0.384542 0.416114 -0.107397 0.987311 0.116975
-22.2893 17.6992 16.1698 0.442271 0.458057 -0.145668 0.987052 0.067157
-44.4054 12.0648 32.2381 0.384542 0.416114 -0.107397 0.987311 0.116975
-38.8336 12.0261 38.7619 0.399086 0.399086 -0.091598 0.989257 0.113928
-19.5034 18.0942 19.4317 0.449543 0.449543 -0.153022 0.985857 0.068337
-38.8336 12.0261 38.7619 0.399086 0.399086 -0.091598 0.989257 0.113928
-32.3098 11.6833 44.3337 0.416115 0.384542 -0.069142 0.988131 0.137172
-16.2415 18.2557 22.2176 0.458057 0.442271 -0.109724 0.987077 0.116785
-32.3098 11.6833 44.3337 0.416115 0.384542 -0.069142 0.988131 0.137172
-24.9947 11.6145 48.8164 0.435209 0.37284 -0.074108 0.98538 0.153408
-12.5839 18.2746 24.4589 0.467605 0.43642 -0.088377 0.986865 0.135229
-24.9947 11.6145 48.8164 0.435209 0.37284 -0.074108 0.98538 0.153408
-17.0684 11.7667 52.0996 0.455899 0.36427 -0.048224 0.981243 0.186643
-8.62081 18.4128 26.1005 0.47795 0.432135 -0.101023 0.984978 0.140044
-17.0684 11.7667 52.0996 0.455899 0.36427 -0.048224 0.981243 0.186643
-8.72607 11.5089 54.1024 0.477675 0.359043 -0.130305 0.971319 0.198896
-4.44965 18.7863 27.1019 0.488837 0.429521 -0.097106 0.986037 0.135286
-8.72607 11.5089 54.1024 0.477675 0.359043 -0.130305 0.971319 0.198896
-0.173163 13.5556 54.7755 0.5 0.357286 -0.239044 0.953666 0.1827
-0.173203 18.9757 27.4385 0.5 0.428643 -0.02959 0.993869 0.106533
-0.173163 13.5556 54.7755 0.5 0.357286 -0.239044 0.953666 0.1827
8.37974 15.8575 54.1023 0.522326 0.359043 -0.224266 0.961478 0.158946
4.10325 18.9115 27.1019 0.511163 0.429521 0.005854 0.997851 0.065261
8.37974 15.8575 54.1023 0.522326 0.359043 -0.224266 0.961478 0.158946
16.722 18.0004 52.0995 0.544101 0.364271 -0.141506 0.984791 0.100806
8.27439 18.8951 26.1005 0.522051 0.432135 -0.002838 0.999178 0.04045
16.722 18.0004 52.0995 0.544101 0.364271 -0.141506 0.984791 0.100806
24.6483 18.719 48.8163 0.564791 0.372841 -0.018031 0.999703 0.016399
12.2375 19.0155 24.4589 0.532396 0.43642 0.019962 0.999575 0.021235
24.6483 18.719 48.8163 0.564791 0.372841 -0.018031 0.999703 0.016399
31.9634 18.314 44.3336 0.583886 0.384542 0.071613 0.995615 -0.060189
15.8951 18.8268 22.2176 0.541943 0.442271 0.062667 0.998008 0.007332
31.9634 18.314 44.3336 0.583886 0.384542 0.071613 0.995615 -0.060189
38.4872 17.0215 38.7618 0.600915 0.399086 0.105349 0.991557 -0.075602
19.157 18.6717 19.4316 0.550457 0.449543 0.05334 0.997637 0.04331
38.4872 17.0215 38.7618 0.600915 0.399086 0.105349 0.991557 -0.075602
44.059 16.2101 32.238 0.615459 0.416115 0.153459 0.984149 -0.088883
21.9429 18.8273 16.1697 0.557729 0.458057 0.061249 0.995455 0.07293
44.059 16.2101 32.238 0.615459 0.416115 0.153459 0.984149 -0.088883
48.5417 14.3087 24.9229 0.62716 0.435209 0.235431 0.958528 -0.160615
24.1842 18.9896 12.5122 0.56358 0.467605 0.118366 0.991542 0.053231
48.5417 14.3087 24.9229 0.62716 0.435209 0.235431 0.958528 -0.160615
51.8248 11.6385 16.9966 0.63573 0.455899 0.255444 0.955516 -0.147439
25.8258 18.9039 8.54903 0.567865 0.47795 0.17262 0.984986 0.002286
51.8248 11.6385 16.9966 0.63573 0.455899 0.255444 0.955516 -0.147439
53.8276 10.1786 8.65427 0.640957 0.477675 0.234233 0.963697 -0.128155
26.8272 18.585 4.37788 0.570479 0.488837 0.201503 0.977012 -0.069602
53.8276 10.1786 8.65427 0.640957 0.477675 0.234233 0.963697 -0.128155
54.5008 8.45286 0.101483 0.642714 0.5 0.19868 0.965032 -0.170995
-0.173243 20.2864 0.101483 0.5 0.5 -0.001971 0.998966 -0.045422
27.1638 18.0546 0.101483 0.571357 0.5 0.212937 0.966839 -0.140996
26.8272 17.3401 -4.17496 0.570479 0.511163 0.207451 0.957209 -0.201778
-0.173243 20.2864 0.101483 0.5 0.5 -0.001971 0.998966 -0.045422
26.8272 17.3401 -4.17496 0.570479 0.511163 0.207451 0.957209 -0.201778
25.8258 16.5483 -8.34611 0.567865 0.522051 0.215862 0.960679 -0.174643
-0.173243 20.2864 0.101483 0.5 0.5 -0.001971 0.998966 -0.045422
25.8258 16.5483 -8.34611 0.567865 0.522051 0.215862 0.960679 -0.174643
24.1842 16.4158 -12.3093 0.56358 0.532396 0.233084 0.967398 -0.099057
-0.173243 20.2864 0.101483 0.5 0.5 -0.001971 0.998966 -0.045422
24.1842 16.4158 -12.3093 0.56358 0.532396 0.233084 0.967398 -0.099057
21.9429 16.6719 -15.9668 0.557729 0.541943 0.211328 0.972674 -0.096154
-0.173243 20.2864 0.101483 0.5 0.5 -0.001971 0.998966 -0.045422
21.9429 16.6719 -15.9668 0.557729 0.541943 0.211328 0.972674 -0.096154
19.1569 16.7568 -19.2287 0.550457 0.550457 0.146585 0.97978 -0.136173
-0.173243 20.2864 0.101483 0.5 0.5 -0.001971 0.998966 -0.045422
19.1569 16.7568 -19.2287 0.550457 0.550457 0.146585 0.97978 -0.136173
15.895 16.6529 -22.0146 0.541943 0.557729 0.072385 0.983766 -0.164207
-0.173243 20.2864 0.101483 0.5 0.5 -0.001971 0.998966 -0.045422
15.895 16.6529 -22.0146 0.541943 0.557729 0.072385 0.983766 -0.164207
12.2375 16.3438 -24.256 0.532395 0.56358 -0.005443 0.983817 -0.179092
-0.173243 20.2864 0.101483 0.5 0.5 -0.001971 0.998966 -0.045422
12.2375 16.3438 -24.256 0.532395 0.56358 -0.005443 0.983817 -0.179092
8.27435 15.816 -25.8975 0.522051 0.567865 -0.053511 0.98335 -0.173665
-0.173243 20.2864 0.101483 0.5 0.5 -0.001971 0.998966 -0.045422
8.27435 15.816 -25.8975 0.522051 0.567865 -0.053511 0.98335 -0.173665
4.1032 15.3692 -26.899 0.511163 0.570479 0.035349 0.988269 -0.148575
-0.173243 20.2864 0.101483 0.5 0.5 -0.001971 0.998966 -0.045422
4.1032 15.3692 -26.899 0.511163 0.570479 0.035349 0.988269 -0.148575
-0.173247 15.9232 -27.2355 0.5 0.571357 0.135943 0.981249 -0.13664
-0.173243 20.2864 0.101483 0.5 0.5 -0.001971 0.998966 -0.045422
-0.173247 15.9232 -27.2355 0.5 0.571357 0.135943 0.981249 -0.13664
-4.4497 16.5831 -26.899 0.488837 0.570479 0.083766 0.986553 -0.140342
-0.173243 20.2864 0.101483 0.5 0.5 -0.001971 0.998966 -0.045422
-4.4497 16.5831 -26.899 0.488837 0.570479 0.083766 0.986553 -0.140342
-8.62085 16.8745 -25.8975 0.477949 0.567865 0.016595 0.988732 -0.148776
-0.173243 20.2864 0.101483 0.5 0.5 -0.001971 0.998966 -0.045422
-8.62085 16.8745 -25.8975 0.477949 0.567865 0.016595 0.988732 -0.148776
-12.584 17.2056 -24.256 0.467604 0.56358 -0.017527 0.986558 -0.162467
-0.173243 20.2864 0.101483 0.5 0.5 -0.001971 0.998966 -0.045422
-12.584 17.2056 -24.256 0.467604 0.56358 -0.017527 0.986558 -0.162467
-16.2415 17.4523 -22.0146 0.458057 0.557729 -0.079898 0.986164 -0.14525
-0.173243 20.2864 0.101483 0.5 0.5 -0.001971 0.998966 -0.045422
-16.2415 17.4523 -22.0146 0.458057 0.557729 -0.079898 0.986164 -0.14525
-19.5034 17.4266 -19.2287 0.449543 0.550457 -0.152061 0.983987 -0.092985
-0.173243 20.2864 0.101483 0.5 0.5 -0.001971 0.998966 -0.045422
-19.5034 17.4266 -19.2287 0.449543 0.550457 -0.152061 0.983987 -0.092985
-22.2893 17.0869 -15.9668 0.442271 0.541943 -0.187282 0.981051 -0.049647
-0.173243 20.2864 0.101483 0.5 0.5 -0.001971 0.998966 -0.045422
-22.2893 17.0869 -15.9668 0.442271 0.541943 -0.187282 0.981051 -0.049647
-24.5307 16.7851 -12.3092 0.43642 0.532395 -0.160014 0.981072 -0.109053
-0.173243 20.2864 0.101483 0.5 0.5 -0.001971 0.998966 -0.045422
-24.5307 16.7851 -12.3092 0.43642 0.532395 -0.160014 0.981072 -0.109053
-26.1723 17.3478 -8.3461 0.432135 0.522051 -0.136795 0.977645 -0.159681
-0.173243 20.2864 0.101483 0.5 0.5 -0.001971 0.998966 -0.045422
-26.1723 17.3478 -8.3461 0.432135 0.522051 -0.136795 0.977645 -0.159681
-27.1737 17.7457 -4.17494 0.429521 0.511163 -0.150823 0.984414 -0.090455
-0.173243 20.2864 0.101483 0.5 0.5 -0.001971 0.998966 -0.045422
-27.1737 17.7457 -4.17494 0.429521 0.511163 -0.150823 0.984414 -0.090455
-27.5102 17.9005 0.101506 0.428643 0.5 -0.151022 0.987641 -0.041932
-0.173243 20.2864 0.101483 0.5 0.5 -0.001971 0.998966 -0.045422
-27.5102 17.9005 0.101506 0.428643 0.5 -0.151022 0.987641 -0.041932
-27.1737 18.0881 4.37795 0.429521 0.488837 -0.140277 0.990112 0.001135
-0.173243 20.2864 0.101483 0.5 0.5 -0.001971 0.998966 -0.045422
-27.1737 18.0881 4.37795 0.429521 0.488837 -0.140277 0.990112 0.001135
-26.1723 18.0709 8.5491 0.432135 0.477949 -0.1171 0.990456 0.072694
-0.173243 20.2864 0.101483 0.5 0.5 -0.001971 0.998966 -0.045422
-26.1723 18.0709 8.5491 0.432135 0.477949 -0.1171 0.990456 0.072694
-24.5307 17.7783 12.5122 0.43642 0.467604 -0.106483 0.988671 0.10579
-0.173243 20.2864 0.101483 0.5 0.5 -0.001971 0.998966 -0.045422
-24.5307 17.7783 12.5122 0.43642 0.467604 -0.106483 0.988671 0.10579
-22.2893 17.6992 16.1698 0.442271 0.458057 -0.145668 0.987052 0.067157
-0.173243 20.2864 0.101483 0.5 0.5 -0.001971 0.998966 -0.045422
-22.2893 17.6992 16.1698 0.442271 0.458057 -0.145668 0.987052 0.067157
-19.5034 18.0942 19.4317 0.449543 0.449543 -0.153022 0.985857 0.068337
-0.173243 20.2864 0.101483 0.5 0.5 -0.001971 0.998966 -0.045422
-19.5034 18.0942 19.4317 0.449543 0.449543 -0.153022 0.985857 0.068337
-16.2415 18.2557 22.2176 0.458057 0.442271 -0.109724 0.987077 0.116785
-0.173243 20.2864 0.101483 0.5 0.5 -0.001971 0.998966 -0.045422
-16.2415 18.2557 22.2176 0.458057 0.442271 -0.109724 0.987077 0.116785
-12.5839 18.2746 24.4589 0.467605 0.43642 -0.088377 0.986865 0.135229
-0.173243 20.2864 0.101483 0.5 0.5 -0.001971 0.998966 -0.045422
-12.5839 18.2746 24.4589 0.467605 0.43642 -0.088377 0.986865 0.135229
-8.62081 18.4128 26.1005 0.47795 0.432135 -0.101023 0.984978 0.140044
-0.173243 20.2864 0.101483 0.5 0.5 -0.001971 0.998966 -0.045422
-8.62081 18.4128 26.1005 0.47795 0.432135 -0.101023 0.984978 0.140044
-4.44965 18.7863 27.1019 0.488837 0.429521 -0.097106 0.986037 0.135286
-0.173243 20.2864 0.101483 0.5 0.5 -0.001971 0.998966 -0.045422
-4.44965 18.7863 27.1019 0.488837 0.429521 -0.097106 0.986037 0.135286
-0.173203 18.9757 27.4385 0.5 0.428643 -0.02959 0.993869 0.106533
-0.173243 20.2864 0.101483 0.5 0.5 -0.001971 0.998966 -0.045422
-0.173203 18.9757 27.4385 0.5 0.428643 -0.02959 0.993869 0.106533
4.10325 18.9115 27.1019 0.511163 0.429521 0.005854 0.997851 0.065261
-0.173243 20.2864 0.101483 0.5 0.5 -0.001971 0.998966 -0.045422
4.10325 18.9115 27.1019 0.511163 0.429521 0.005854 0.997851 0.065261
8.27439 18.8951 26.1005 0.522051 0.432135 -0.002838 0.999178 0.04045
-0.173243 20.2864 0.101483 0.5 0.5 -0.001971 0.998966 -0.045422
8.27439 18.8951 26.1005 0.522051 0.432135 -0.002838 0.999178 0.04045
12.2375 19.0155 24.4589 0.532396 0.43642 0.019962 0.999575 0.021235
-0.173243 20.2864 0.101483 0.5 0.5 -0.001971 0.998966 -0.045422
12.2375 19.0155 24.4589 0.532396 0.43642 0.019962 0.999575 0.021235
15.8951 18.8268 22.2176 0.541943 0.442271 0.062667 0.998008 0.007332
-0.173243 20.2864 0.101483 0.5 0.5 -0.001971 0.998966 -0.045422
15.8951 18.8268 22.2176 0.541943 0.442271 0.062667 0.998008 0.007332
19.157 18.6717 19.4316 0.550457 0.449543 0.05334 0.997637 0.04331
-0.173243 20.2864 0.101483 0.5 0.5 -0.001971 0.998966 -0.045422
19.157 18.6717 19.4316 0.550457 0.449543 0.05334 0.997637 0.04331
21.9429 18.8273 16.1697 0.557729 0.458057 0.061249 0.995455 0.07293
-0.173243 20.2864 0.101483 0.5 0.5 -0.001971 0.998966 -0.045422
21.9429 18.8273 16.1697 0.557729 0.458057 0.061249 0.995455 0.07293
24.1842 18.9896 12.5122 0.56358 0.467605 0.118366 0.991542 0.053231
-0.173243 20.2864 0.101483 0.5 0.5 -0.001971 0.998966 -0.045422
24.1842 18.9896 12.5122 0.56358 0.467605 0.118366 0.991542 0.053231
25.8258 18.9039 8.54903 0.567865 0.47795 0.17262 0.984986 0.002286
-0.173243 20.2864 0.101483 0.5 0.5 -0.001971 0.998966 -0.045422
25.8258 18.9039 8.54903 0.567865 0.47795 0.17262 0.984986 0.002286
26.8272 18.585 4.37788 0.570479 0.488837 0.201503 0.977012 -0.069602
-0.173243 20.2864 0.101483 0.5 0.5 -0.001971 0.998966 -0.045422
26.8272 18.585 4.37788 0.570479 0.488837 0.201503 0.977012 -0.069602
27.1638 18.0546 0.101483 0.571357 0.5 0.212937 0.966839 -0.140996
