Vertex Count: 1452

Data:

0.0698 -0.0845 0.0628 0.4398 0.6487 0.8794 0.1236 -0.4598
0.0036 -0.0075 0.0128 0.4434 0.5081 -0.1848 0.7369 -0.6503
0.0712 -0.0715 0.0772 0.447 0.6487 0.9081 0.3783 -0.1793
0.0712 -0.0715 0.0772 0.447 0.6487 0.9081 0.3783 -0.1793
0.0653 -0.06 0.0919 0.4542 0.6487 0.7922 0.6009 0.1059
0.0677 -0.0698 0.1005 0.4542 0.6672 0.7319 -0.2145 0.6468
0.0677 -0.0698 0.1005 0.4542 0.6672 0.7319 -0.2145 0.6468
0.0737 -0.0812 0.0859 0.447 0.6672 0.8152 -0.3746 0.4417
0.0712 -0.0715 0.0772 0.447 0.6487 0.9081 0.3783 -0.1793
0.0611 -0.0973 0.0508 0.4325 0.6487 0.7104 -0.1244 -0.6928
0.0036 -0.0075 0.0128 0.4362 0.5081 -0.1848 0.7369 -0.6503
0.0698 -0.0845 0.0628 0.4398 0.6487 0.8794 0.1236 -0.4598
0.0737 -0.0812 0.0859 0.447 0.6672 0.8152 -0.3746 0.4417
0.0722 -0.0943 0.0715 0.4398 0.6672 0.7945 -0.5578 0.2401
0.0698 -0.0845 0.0628 0.4398 0.6487 0.8794 0.1236 -0.4598
0.0698 -0.0845 0.0628 0.4398 0.6487 0.8794 0.1236 -0.4598
0.0712 -0.0715 0.0772 0.447 0.6487 0.9081 0.3783 -0.1793
0.0737 -0.0812 0.0859 0.447 0.6672 0.8152 -0.3746 0.4417
0.0465 -0.1078 0.0431 0.4253 0.6487 0.4268 -0.3279 -0.8428
0.0036 -0.0075 0.0128 0.4289 0.5081 -0.1848 0.7369 -0.6503
0.0611 -0.0973 0.0508 0.4325 0.6487 0.7104 -0.1244 -0.6928
0.0698 -0.0845 0.0628 0.4398 0.6487 0.8794 0.1236 -0.4598
0.0722 -0.0943 0.0715 0.4398 0.6672 0.7945 -0.5578 0.2401
0.0635 -0.1071 0.0595 0.4325 0.6672 0.673 -0.7361 0.0725
0.0635 -0.1071 0.0595 0.4325 0.6672 0.673 -0.7361 0.0725
0.0611 -0.0973 0.0508 0.4325 0.6487 0.7104 -0.1244 -0.6928
0.0698 -0.0845 0.0628 0.4398 0.6487 0.8794 0.1236 -0.4598
0.0282 -0.1143 0.0408 0.4181 0.6487 0.0718 -0.456 -0.8871
0.0036 -0.0075 0.0128 0.4217 0.5081 -0.1848 0.7369 -0.6503
0.0465 -0.1078 0.0431 0.4253 0.6487 0.4268 -0.3279 -0.8428
0.0611 -0.0973 0.0508 0.4325 0.6487 0.7104 -0.1244 -0.6928
0.0635 -0.1071 0.0595 0.4325 0.6672 0.673 -0.7361 0.0725
0.0489 -0.1176 0.0518 0.4253 0.6672 0.469 -0.8825 -0.0354
0.0489 -0.1176 0.0518 0.4253 0.6672 0.469 -0.8825 -0.0354
0.0465 -0.1078 0.0431 0.4253 0.6487 0.4268 -0.3279 -0.8428
0.0611 -0.0973 0.0508 0.4325 0.6487 0.7104 -0.1244 -0.6928
0.0091 -0.116 0.0444 0.4108 0.6487 -0.3005 -0.4891 -0.8188
0.0036 -0.0075 0.0128 0.4144 0.5081 -0.1848 0.7369 -0.6503
0.0282 -0.1143 0.0408 0.4181 0.6487 0.0718 -0.456 -0.8871
0.0282 -0.1143 0.0408 0.4181 0.6487 0.0718 -0.456 -0.8871
0.0465 -0.1078 0.0431 0.4253 0.6487 0.4268 -0.3279 -0.8428
0.0489 -0.1176 0.0518 0.4253 0.6672 0.469 -0.8825 -0.0354
0.0489 -0.1176 0.0518 0.4253 0.6672 0.469 -0.8825 -0.0354
0.0307 -0.1241 0.0495 0.4181 0.6672 0.2138 -0.9746 -0.0672
0.0282 -0.1143 0.0408 0.4181 0.6487 0.0718 -0.456 -0.8871
-0.008 -0.1126 0.0531 0.4036 0.6487 -0.6334 -0.4223 -0.6484
0.0036 -0.0075 0.0128 0.4072 0.5081 -0.1848 0.7369 -0.6503
0.0091 -0.116 0.0444 0.4108 0.6487 -0.3005 -0.4891 -0.8188
0.0307 -0.1241 0.0495 0.4181 0.6672 0.2138 -0.9746 -0.0672
0.0116 -0.1258 0.053 0.4108 0.6672 -0.0539 -0.9984 -0.0181
0.0091 -0.116 0.0444 0.4108 0.6487 -0.3005 -0.4891 -0.8188
0.0091 -0.116 0.0444 0.4108 0.6487 -0.3005 -0.4891 -0.8188
0.0282 -0.1143 0.0408 0.4181 0.6487 0.0718 -0.456 -0.8871
0.0307 -0.1241 0.0495 0.4181 0.6672 0.2138 -0.9746 -0.0672
-0.0205 -0.1046 0.0658 0.3963 0.6487 -0.8763 -0.2656 -0.4018
0.0036 -0.0075 0.0128 0.4 0.5081 -0.1848 0.7369 -0.6503
-0.008 -0.1126 0.0531 0.4036 0.6487 -0.6334 -0.4223 -0.6484
0.0116 -0.1258 0.053 0.4108 0.6672 -0.0539 -0.9984 -0.0181
-0.0056 -0.1224 0.0618 0.4036 0.6672 -0.2933 -0.9503 0.1044
-0.008 -0.1126 0.0531 0.4036 0.6487 -0.6334 -0.4223 -0.6484
-0.008 -0.1126 0.0531 0.4036 0.6487 -0.6334 -0.4223 -0.6484
0.0091 -0.116 0.0444 0.4108 0.6487 -0.3005 -0.4891 -0.8188
0.0116 -0.1258 0.053 0.4108 0.6672 -0.0539 -0.9984 -0.0181
-0.0265 -0.0931 0.0805 0.3891 0.6487 -0.9922 -0.0429 -0.1166
0.0036 -0.0075 0.0128 0.3927 0.5081 -0.1848 0.7369 -0.6503
-0.0205 -0.1046 0.0658 0.3963 0.6487 -0.8763 -0.2656 -0.4018
-0.008 -0.1126 0.0531 0.4036 0.6487 -0.6334 -0.4223 -0.6484
-0.0056 -0.1224 0.0618 0.4036 0.6672 -0.2933 -0.9503 0.1044
-0.018 -0.1143 0.0744 0.3963 0.6672 -0.468 -0.8376 0.2817
-0.018 -0.1143 0.0744 0.3963 0.6672 -0.468 -0.8376 0.2817
-0.0205 -0.1046 0.0658 0.3963 0.6487 -0.8763 -0.2656 -0.4018
-0.008 -0.1126 0.0531 0.4036 0.6487 -0.6334 -0.4223 -0.6484
-0.025 -0.08 0.0949 0.3819 0.6487 -0.9635 0.2118 0.1638
0.0036 -0.0075 0.0128 0.3855 0.5081 -0.1848 0.7369 -0.6503
-0.0265 -0.0931 0.0805 0.3891 0.6487 -0.9922 -0.0429 -0.1166
-0.0265 -0.0931 0.0805 0.3891 0.6487 -0.9922 -0.0429 -0.1166
-0.0205 -0.1046 0.0658 0.3963 0.6487 -0.8763 -0.2656 -0.4018
-0.018 -0.1143 0.0744 0.3963 0.6672 -0.468 -0.8376 0.2817
-0.018 -0.1143 0.0744 0.3963 0.6672 -0.468 -0.8376 0.2817
-0.024 -0.1029 0.0891 0.3891 0.6672 -0.5513 -0.6775 0.4868
-0.0265 -0.0931 0.0805 0.3891 0.6487 -0.9922 -0.0429 -0.1166
-0.0163 -0.0673 0.1068 0.3746 0.6487 -0.7945 0.4598 0.3968
0.0036 -0.0075 0.0128 0.3783 0.5081 -0.1848 0.7369 -0.6503
-0.025 -0.08 0.0949 0.3819 0.6487 -0.9635 0.2118 0.1638
-0.024 -0.1029 0.0891 0.3891 0.6672 -0.5513 -0.6775 0.4868
-0.0225 -0.0898 0.1035 0.3819 0.6672 -0.5307 -0.4944 0.6885
-0.025 -0.08 0.0949 0.3819 0.6487 -0.9635 0.2118 0.1638
-0.025 -0.08 0.0949 0.3819 0.6487 -0.9635 0.2118 0.1638
-0.0265 -0.0931 0.0805 0.3891 0.6487 -0.9922 -0.0429 -0.1166
-0.024 -0.1029 0.0891 0.3891 0.6672 -0.5513 -0.6775 0.4868
-0.0017 -0.0568 0.1146 0.3674 0.6487 -0.5109 0.6633 0.5469
0.0036 -0.0075 0.0128 0.371 0.5081 -0.1848 0.7369 -0.6503
-0.0163 -0.0673 0.1068 0.3746 0.6487 -0.7945 0.4598 0.3968
-0.0225 -0.0898 0.1035 0.3819 0.6672 -0.5307 -0.4944 0.6885
-0.0138 -0.0771 0.1155 0.3746 0.6672 -0.4091 -0.316 0.856
-0.0163 -0.0673 0.1068 0.3746 0.6487 -0.7945 0.4598 0.3968
-0.0163 -0.0673 0.1068 0.3746 0.6487 -0.7945 0.4598 0.3968
-0.025 -0.08 0.0949 0.3819 0.6487 -0.9635 0.2118 0.1638
-0.0225 -0.0898 0.1035 0.3819 0.6672 -0.5307 -0.4944 0.6885
0.0165 -0.0502 0.1168 0.3602 0.6487 -0.1559 0.7914 0.5911
0.0036 -0.0075 0.0128 0.3638 0.5081 -0.1848 0.7369 -0.6503
-0.0017 -0.0568 0.1146 0.3674 0.6487 -0.5109 0.6633 0.5469
-0.0138 -0.0771 0.1155 0.3746 0.6672 -0.4091 -0.316 0.856
0.0007 -0.0666 0.1232 0.3674 0.6672 -0.2052 -0.1697 0.9639
-0.0017 -0.0568 0.1146 0.3674 0.6487 -0.5109 0.6633 0.5469
-0.0017 -0.0568 0.1146 0.3674 0.6487 -0.5109 0.6633 0.5469
-0.0163 -0.0673 0.1068 0.3746 0.6487 -0.7945 0.4598 0.3968
-0.0138 -0.0771 0.1155 0.3746 0.6672 -0.4091 -0.316 0.856
0.0357 -0.0485 0.1133 0.4687 0.6487 0.2164 0.8245 0.5229
0.0036 -0.0075 0.0128 0.4723 0.5081 -0.1848 0.7369 -0.6503
0.0165 -0.0502 0.1168 0.476 0.6487 -0.1559 0.7914 0.5911
0.0007 -0.0666 0.1232 0.3674 0.6672 -0.2052 -0.1697 0.9639
0.019 -0.06 0.1255 0.3602 0.6672 0.05 -0.0776 0.9957
0.0165 -0.0502 0.1168 0.3602 0.6487 -0.1559 0.7914 0.5911
0.0165 -0.0502 0.1168 0.3602 0.6487 -0.1559 0.7914 0.5911
-0.0017 -0.0568 0.1146 0.3674 0.6487 -0.5109 0.6633 0.5469
0.0007 -0.0666 0.1232 0.3674 0.6672 -0.2052 -0.1697 0.9639
0.0528 -0.052 0.1046 0.4615 0.6487 0.5493 0.7576 0.3525
0.0036 -0.0075 0.0128 0.4651 0.5081 -0.1848 0.7369 -0.6503
0.0357 -0.0485 0.1133 0.4687 0.6487 0.2164 0.8245 0.5229
0.019 -0.06 0.1255 0.476 0.6672 0.05 -0.0776 0.9957
0.0381 -0.0583 0.122 0.4687 0.6672 0.3178 -0.0538 0.9466
0.0357 -0.0485 0.1133 0.4687 0.6487 0.2164 0.8245 0.5229
0.0357 -0.0485 0.1133 0.4687 0.6487 0.2164 0.8245 0.5229
0.0165 -0.0502 0.1168 0.476 0.6487 -0.1559 0.7914 0.5911
0.019 -0.06 0.1255 0.476 0.6672 0.05 -0.0776 0.9957
0.0653 -0.06 0.0919 0.4542 0.6487 0.7922 0.6009 0.1059
0.0036 -0.0075 0.0128 0.4579 0.5081 -0.1848 0.7369 -0.6503
0.0528 -0.052 0.1046 0.4615 0.6487 0.5493 0.7576 0.3525
0.0381 -0.0583 0.122 0.4687 0.6672 0.3178 -0.0538 0.9466
0.0552 -0.0617 0.1132 0.4615 0.6672 0.5572 -0.1019 0.8241
0.0528 -0.052 0.1046 0.4615 0.6487 0.5493 0.7576 0.3525
0.0528 -0.052 0.1046 0.4615 0.6487 0.5493 0.7576 0.3525
0.0357 -0.0485 0.1133 0.4687 0.6487 0.2164 0.8245 0.5229
0.0381 -0.0583 0.122 0.4687 0.6672 0.3178 -0.0538 0.9466
0.0712 -0.0715 0.0772 0.447 0.6487 0.9081 0.3783 -0.1793
0.0036 -0.0075 0.0128 0.4506 0.5081 -0.1848 0.7369 -0.6503
0.0653 -0.06 0.0919 0.4542 0.6487 0.7922 0.6009 0.1059
0.0552 -0.0617 0.1132 0.4615 0.6672 0.5572 -0.1019 0.8241
0.0677 -0.0698 0.1005 0.4542 0.6672 0.7319 -0.2145 0.6468
0.0653 -0.06 0.0919 0.4542 0.6487 0.7922 0.6009 0.1059
0.0653 -0.06 0.0919 0.4542 0.6487 0.7922 0.6009 0.1059
0.0528 -0.052 0.1046 0.4615 0.6487 0.5493 0.7576 0.3525
0.0552 -0.0617 0.1132 0.4615 0.6672 0.5572 -0.1019 0.8241
0.0637 -0.0719 0.0993 0.4542 0.6672 -0.468 -0.8376 0.2817
0.0691 -0.0823 0.086 0.447 0.6672 -0.5513 -0.6775 0.4868
0.0737 -0.0812 0.0859 0.447 0.6672 0.8152 -0.3746 0.4417
0.0737 -0.0812 0.0859 0.447 0.6672 0.8152 -0.3746 0.4417
0.0677 -0.0698 0.1005 0.4542 0.6672 0.7319 -0.2145 0.6468
0.0637 -0.0719 0.0993 0.4542 0.6672 -0.468 -0.8376 0.2817
0.0737 -0.0812 0.0859 0.447 0.6672 0.8152 -0.3746 0.4417
0.0691 -0.0823 0.086 0.447 0.6672 -0.5513 -0.6775 0.4868
0.0678 -0.0941 0.073 0.4398 0.6672 -0.5307 -0.4944 0.6885
0.0678 -0.0941 0.073 0.4398 0.6672 -0.5307 -0.4944 0.6885
0.0722 -0.0943 0.0715 0.4398 0.6672 0.7945 -0.5578 0.2401
0.0737 -0.0812 0.0859 0.447 0.6672 0.8152 -0.3746 0.4417
0.0722 -0.0943 0.0715 0.4398 0.6672 0.7945 -0.5578 0.2401
0.0678 -0.0941 0.073 0.4398 0.6672 -0.5307 -0.4944 0.6885
0.0599 -0.1057 0.0621 0.4325 0.6672 -0.4091 -0.316 0.856
0.0599 -0.1057 0.0621 0.4325 0.6672 -0.4091 -0.316 0.856
0.0635 -0.1071 0.0595 0.4325 0.6672 0.673 -0.7361 0.0725
0.0722 -0.0943 0.0715 0.4398 0.6672 0.7945 -0.5578 0.2401
0.0635 -0.1071 0.0595 0.4325 0.6672 0.673 -0.7361 0.0725
0.0599 -0.1057 0.0621 0.4325 0.6672 -0.4091 -0.316 0.856
0.0467 -0.1152 0.0551 0.4253 0.6672 -0.2052 -0.1697 0.9639
0.0467 -0.1152 0.0551 0.4253 0.6672 -0.2052 -0.1697 0.9639
0.0489 -0.1176 0.0518 0.4253 0.6672 0.469 -0.8825 -0.0354
0.0635 -0.1071 0.0595 0.4325 0.6672 0.673 -0.7361 0.0725
0.0489 -0.1176 0.0518 0.4253 0.6672 0.469 -0.8825 -0.0354
0.0467 -0.1152 0.0551 0.4253 0.6672 -0.2052 -0.1697 0.9639
0.0301 -0.1211 0.0531 0.4181 0.6672 0.05 -0.0776 0.9957
0.0301 -0.1211 0.0531 0.4181 0.6672 0.05 -0.0776 0.9957
0.0307 -0.1241 0.0495 0.4181 0.6672 0.2138 -0.9746 -0.0672
0.0489 -0.1176 0.0518 0.4253 0.6672 0.469 -0.8825 -0.0354
0.0307 -0.1241 0.0495 0.4181 0.6672 0.2138 -0.9746 -0.0672
0.0301 -0.1211 0.0531 0.4181 0.6672 0.05 -0.0776 0.9957
0.0128 -0.1227 0.0562 0.4108 0.6672 0.3178 -0.0538 0.9466
0.0128 -0.1227 0.0562 0.4108 0.6672 0.3178 -0.0538 0.9466
0.0116 -0.1258 0.053 0.4108 0.6672 -0.0539 -0.9984 -0.0181
0.0307 -0.1241 0.0495 0.4181 0.6672 0.2138 -0.9746 -0.0672
0.0116 -0.1258 0.053 0.4108 0.6672 -0.0539 -0.9984 -0.0181
0.0128 -0.1227 0.0562 0.4108 0.6672 0.3178 -0.0538 0.9466
-0.0027 -0.1195 0.0642 0.4036 0.6672 0.5572 -0.1019 0.8241
-0.0027 -0.1195 0.0642 0.4036 0.6672 0.5572 -0.1019 0.8241
-0.0056 -0.1224 0.0618 0.4036 0.6672 -0.2933 -0.9503 0.1044
0.0116 -0.1258 0.053 0.4108 0.6672 -0.0539 -0.9984 -0.0181
-0.0056 -0.1224 0.0618 0.4036 0.6672 -0.2933 -0.9503 0.1044
-0.0027 -0.1195 0.0642 0.4036 0.6672 0.5572 -0.1019 0.8241
-0.014 -0.1123 0.0757 0.3963 0.6672 0.7319 -0.2145 0.6468
-0.014 -0.1123 0.0757 0.3963 0.6672 0.7319 -0.2145 0.6468
-0.018 -0.1143 0.0744 0.3963 0.6672 -0.468 -0.8376 0.2817
-0.0056 -0.1224 0.0618 0.4036 0.6672 -0.2933 -0.9503 0.1044
-0.018 -0.1143 0.0744 0.3963 0.6672 -0.468 -0.8376 0.2817
-0.014 -0.1123 0.0757 0.3963 0.6672 0.7319 -0.2145 0.6468
-0.0194 -0.1019 0.0889 0.3891 0.6672 0.8152 -0.3746 0.4417
-0.0194 -0.1019 0.0889 0.3891 0.6672 0.8152 -0.3746 0.4417
-0.024 -0.1029 0.0891 0.3891 0.6672 -0.5513 -0.6775 0.4868
-0.018 -0.1143 0.0744 0.3963 0.6672 -0.468 -0.8376 0.2817
-0.024 -0.1029 0.0891 0.3891 0.6672 -0.5513 -0.6775 0.4868
-0.0194 -0.1019 0.0889 0.3891 0.6672 0.8152 -0.3746 0.4417
-0.0181 -0.09 0.102 0.3819 0.6672 0.7945 -0.5578 0.2401
-0.0181 -0.09 0.102 0.3819 0.6672 0.7945 -0.5578 0.2401
-0.0225 -0.0898 0.1035 0.3819 0.6672 -0.5307 -0.4944 0.6885
-0.024 -0.1029 0.0891 0.3891 0.6672 -0.5513 -0.6775 0.4868
-0.0225 -0.0898 0.1035 0.3819 0.6672 -0.5307 -0.4944 0.6885
-0.0181 -0.09 0.102 0.3819 0.6672 0.7945 -0.5578 0.2401
-0.0102 -0.0785 0.1129 0.3746 0.6672 0.673 -0.7361 0.0725
-0.0102 -0.0785 0.1129 0.3746 0.6672 0.673 -0.7361 0.0725
-0.0138 -0.0771 0.1155 0.3746 0.6672 -0.4091 -0.316 0.856
-0.0225 -0.0898 0.1035 0.3819 0.6672 -0.5307 -0.4944 0.6885
-0.0138 -0.0771 0.1155 0.3746 0.6672 -0.4091 -0.316 0.856
-0.0102 -0.0785 0.1129 0.3746 0.6672 0.673 -0.7361 0.0725
0.003 -0.069 0.1198 0.3674 0.6672 0.469 -0.8825 -0.0354
0.003 -0.069 0.1198 0.3674 0.6672 0.469 -0.8825 -0.0354
0.0007 -0.0666 0.1232 0.3674 0.6672 -0.2052 -0.1697 0.9639
-0.0138 -0.0771 0.1155 0.3746 0.6672 -0.4091 -0.316 0.856
0.0007 -0.0666 0.1232 0.3674 0.6672 -0.2052 -0.1697 0.9639
0.003 -0.069 0.1198 0.3674 0.6672 0.469 -0.8825 -0.0354
0.0195 -0.063 0.1219 0.3602 0.6672 0.2138 -0.9746 -0.0672
0.0195 -0.063 0.1219 0.3602 0.6672 0.2138 -0.9746 -0.0672
0.019 -0.06 0.1255 0.3602 0.6672 0.05 -0.0776 0.9957
0.0007 -0.0666 0.1232 0.3674 0.6672 -0.2052 -0.1697 0.9639
0.019 -0.06 0.1255 0.476 0.6672 0.05 -0.0776 0.9957
0.0195 -0.063 0.1219 0.476 0.6672 0.2138 -0.9746 -0.0672
0.0369 -0.0615 0.1187 0.4687 0.6672 -0.0539 -0.9984 -0.0181
0.0369 -0.0615 0.1187 0.4687 0.6672 -0.0539 -0.9984 -0.0181
0.0381 -0.0583 0.122 0.4687 0.6672 0.3178 -0.0538 0.9466
0.019 -0.06 0.1255 0.476 0.6672 0.05 -0.0776 0.9957
0.0381 -0.0583 0.122 0.4687 0.6672 0.3178 -0.0538 0.9466
0.0369 -0.0615 0.1187 0.4687 0.6672 -0.0539 -0.9984 -0.0181
0.0524 -0.0646 0.1108 0.4615 0.6672 -0.2933 -0.9503 0.1044
0.0524 -0.0646 0.1108 0.4615 0.6672 -0.2933 -0.9503 0.1044
0.0552 -0.0617 0.1132 0.4615 0.6672 0.5572 -0.1019 0.8241
0.0381 -0.0583 0.122 0.4687 0.6672 0.3178 -0.0538 0.9466
0.0552 -0.0617 0.1132 0.4615 0.6672 0.5572 -0.1019 0.8241
0.0524 -0.0646 0.1108 0.4615 0.6672 -0.2933 -0.9503 0.1044
0.0637 -0.0719 0.0993 0.4542 0.6672 -0.468 -0.8376 0.2817
0.0637 -0.0719 0.0993 0.4542 0.6672 -0.468 -0.8376 0.2817
0.0677 -0.0698 0.1005 0.4542 0.6672 0.7319 -0.2145 0.6468
0.0552 -0.0617 0.1132 0.4615 0.6672 0.5572 -0.1019 0.8241
0.0614 -0.0629 0.0914 0.4542 0.6502 -0.7922 -0.6009 -0.1059
0.0056 -0.0153 0.0197 0.4506 0.5228 0.1848 -0.7369 0.6503
0.0668 -0.0733 0.0781 0.447 0.6502 -0.9081 -0.3783 0.1793
0.0655 -0.0851 0.065 0.4398 0.6502 -0.8794 -0.1236 0.4598
0.0678 -0.0941 0.073 0.4398 0.6672 -0.5307 -0.4944 0.6885
0.0691 -0.0823 0.086 0.447 0.6672 -0.5513 -0.6775 0.4868
0.0691 -0.0823 0.086 0.447 0.6672 -0.5513 -0.6775 0.4868
0.0668 -0.0733 0.0781 0.447 0.6502 -0.9081 -0.3783 0.1793
0.0655 -0.0851 0.065 0.4398 0.6502 -0.8794 -0.1236 0.4598
0.0668 -0.0733 0.0781 0.447 0.6502 -0.9081 -0.3783 0.1793
0.0056 -0.0153 0.0197 0.4434 0.5228 0.1848 -0.7369 0.6503
0.0655 -0.0851 0.065 0.4398 0.6502 -0.8794 -0.1236 0.4598
0.0576 -0.0967 0.0542 0.4325 0.6502 -0.7104 0.1244 0.6928
0.0599 -0.1057 0.0621 0.4325 0.6672 -0.4091 -0.316 0.856
0.0678 -0.0941 0.073 0.4398 0.6672 -0.5307 -0.4944 0.6885
0.0678 -0.0941 0.073 0.4398 0.6672 -0.5307 -0.4944 0.6885
0.0655 -0.0851 0.065 0.4398 0.6502 -0.8794 -0.1236 0.4598
0.0576 -0.0967 0.0542 0.4325 0.6502 -0.7104 0.1244 0.6928
0.0655 -0.0851 0.065 0.4398 0.6502 -0.8794 -0.1236 0.4598
0.0056 -0.0153 0.0197 0.4362 0.5228 0.1848 -0.7369 0.6503
0.0576 -0.0967 0.0542 0.4325 0.6502 -0.7104 0.1244 0.6928
0.0444 -0.1061 0.0472 0.4253 0.6502 -0.4268 0.3279 0.8428
0.0467 -0.1152 0.0551 0.4253 0.6672 -0.2052 -0.1697 0.9639
0.0599 -0.1057 0.0621 0.4325 0.6672 -0.4091 -0.316 0.856
0.0599 -0.1057 0.0621 0.4325 0.6672 -0.4091 -0.316 0.856
0.0576 -0.0967 0.0542 0.4325 0.6502 -0.7104 0.1244 0.6928
0.0444 -0.1061 0.0472 0.4253 0.6502 -0.4268 0.3279 0.8428
0.0576 -0.0967 0.0542 0.4325 0.6502 -0.7104 0.1244 0.6928
0.0056 -0.0153 0.0197 0.4289 0.5228 0.1848 -0.7369 0.6503
0.0444 -0.1061 0.0472 0.4253 0.6502 -0.4268 0.3279 0.8428
0.0279 -0.1121 0.0451 0.4181 0.6502 -0.0718 0.456 0.8871
0.0301 -0.1211 0.0531 0.4181 0.6672 0.05 -0.0776 0.9957
0.0467 -0.1152 0.0551 0.4253 0.6672 -0.2052 -0.1697 0.9639
0.0467 -0.1152 0.0551 0.4253 0.6672 -0.2052 -0.1697 0.9639
0.0444 -0.1061 0.0472 0.4253 0.6502 -0.4268 0.3279 0.8428
0.0279 -0.1121 0.0451 0.4181 0.6502 -0.0718 0.456 0.8871
0.0444 -0.1061 0.0472 0.4253 0.6502 -0.4268 0.3279 0.8428
0.0056 -0.0153 0.0197 0.4217 0.5228 0.1848 -0.7369 0.6503
0.0279 -0.1121 0.0451 0.4181 0.6502 -0.0718 0.456 0.8871
0.0105 -0.1137 0.0483 0.4108 0.6502 0.3005 0.4891 0.8188
0.0128 -0.1227 0.0562 0.4108 0.6672 0.3178 -0.0538 0.9466
0.0301 -0.1211 0.0531 0.4181 0.6672 0.05 -0.0776 0.9957
0.0301 -0.1211 0.0531 0.4181 0.6672 0.05 -0.0776 0.9957
0.0279 -0.1121 0.0451 0.4181 0.6502 -0.0718 0.456 0.8871
0.0105 -0.1137 0.0483 0.4108 0.6502 0.3005 0.4891 0.8188
0.0279 -0.1121 0.0451 0.4181 0.6502 -0.0718 0.456 0.8871
0.0056 -0.0153 0.0197 0.4144 0.5228 0.1848 -0.7369 0.6503
0.0105 -0.1137 0.0483 0.4108 0.6502 0.3005 0.4891 0.8188
-0.005 -0.1105 0.0562 0.4036 0.6502 0.6334 0.4223 0.6484
-0.0027 -0.1195 0.0642 0.4036 0.6672 0.5572 -0.1019 0.8241
0.0128 -0.1227 0.0562 0.4108 0.6672 0.3178 -0.0538 0.9466
0.0128 -0.1227 0.0562 0.4108 0.6672 0.3178 -0.0538 0.9466
0.0105 -0.1137 0.0483 0.4108 0.6502 0.3005 0.4891 0.8188
-0.005 -0.1105 0.0562 0.4036 0.6502 0.6334 0.4223 0.6484
0.0105 -0.1137 0.0483 0.4108 0.6502 0.3005 0.4891 0.8188
0.0056 -0.0153 0.0197 0.4072 0.5228 0.1848 -0.7369 0.6503
-0.005 -0.1105 0.0562 0.4036 0.6502 0.6334 0.4223 0.6484
-0.014 -0.1123 0.0757 0.3963 0.6672 0.7319 -0.2145 0.6468
-0.0027 -0.1195 0.0642 0.4036 0.6672 0.5572 -0.1019 0.8241
-0.005 -0.1105 0.0562 0.4036 0.6502 0.6334 0.4223 0.6484
-0.005 -0.1105 0.0562 0.4036 0.6502 0.6334 0.4223 0.6484
-0.0163 -0.1032 0.0677 0.3963 0.6502 0.8763 0.2656 0.4018
-0.014 -0.1123 0.0757 0.3963 0.6672 0.7319 -0.2145 0.6468
-0.005 -0.1105 0.0562 0.4036 0.6502 0.6334 0.4223 0.6484
0.0056 -0.0153 0.0197 0.4 0.5228 0.1848 -0.7369 0.6503
-0.0163 -0.1032 0.0677 0.3963 0.6502 0.8763 0.2656 0.4018
-0.014 -0.1123 0.0757 0.3963 0.6672 0.7319 -0.2145 0.6468
-0.0163 -0.1032 0.0677 0.3963 0.6502 0.8763 0.2656 0.4018
-0.0217 -0.0929 0.081 0.3891 0.6502 0.9922 0.0429 0.1166
-0.0217 -0.0929 0.081 0.3891 0.6502 0.9922 0.0429 0.1166
-0.0194 -0.1019 0.0889 0.3891 0.6672 0.8152 -0.3746 0.4417
-0.014 -0.1123 0.0757 0.3963 0.6672 0.7319 -0.2145 0.6468
-0.0163 -0.1032 0.0677 0.3963 0.6502 0.8763 0.2656 0.4018
0.0056 -0.0153 0.0197 0.3927 0.5228 0.1848 -0.7369 0.6503
-0.0217 -0.0929 0.081 0.3891 0.6502 0.9922 0.0429 0.1166
-0.0203 -0.081 0.0941 0.3819 0.6502 0.9635 -0.2118 -0.1638
-0.0181 -0.09 0.102 0.3819 0.6672 0.7945 -0.5578 0.2401
-0.0194 -0.1019 0.0889 0.3891 0.6672 0.8152 -0.3746 0.4417
-0.0194 -0.1019 0.0889 0.3891 0.6672 0.8152 -0.3746 0.4417
-0.0217 -0.0929 0.081 0.3891 0.6502 0.9922 0.0429 0.1166
-0.0203 -0.081 0.0941 0.3819 0.6502 0.9635 -0.2118 -0.1638
-0.0217 -0.0929 0.081 0.3891 0.6502 0.9922 0.0429 0.1166
0.0056 -0.0153 0.0197 0.3855 0.5228 0.1848 -0.7369 0.6503
-0.0203 -0.081 0.0941 0.3819 0.6502 0.9635 -0.2118 -0.1638
-0.0125 -0.0695 0.1049 0.3746 0.6502 0.7945 -0.4598 -0.3968
-0.0102 -0.0785 0.1129 0.3746 0.6672 0.673 -0.7361 0.0725
-0.0181 -0.09 0.102 0.3819 0.6672 0.7945 -0.5578 0.2401
-0.0181 -0.09 0.102 0.3819 0.6672 0.7945 -0.5578 0.2401
-0.0203 -0.081 0.0941 0.3819 0.6502 0.9635 -0.2118 -0.1638
-0.0125 -0.0695 0.1049 0.3746 0.6502 0.7945 -0.4598 -0.3968
-0.0203 -0.081 0.0941 0.3819 0.6502 0.9635 -0.2118 -0.1638
0.0056 -0.0153 0.0197 0.3783 0.5228 0.1848 -0.7369 0.6503
-0.0125 -0.0695 0.1049 0.3746 0.6502 0.7945 -0.4598 -0.3968
0.0007 -0.06 0.1119 0.3674 0.6502 0.5109 -0.6633 -0.5469
0.003 -0.069 0.1198 0.3674 0.6672 0.469 -0.8825 -0.0354
-0.0102 -0.0785 0.1129 0.3746 0.6672 0.673 -0.7361 0.0725
-0.0102 -0.0785 0.1129 0.3746 0.6672 0.673 -0.7361 0.0725
-0.0125 -0.0695 0.1049 0.3746 0.6502 0.7945 -0.4598 -0.3968
0.0007 -0.06 0.1119 0.3674 0.6502 0.5109 -0.6633 -0.5469
-0.0125 -0.0695 0.1049 0.3746 0.6502 0.7945 -0.4598 -0.3968
0.0056 -0.0153 0.0197 0.371 0.5228 0.1848 -0.7369 0.6503
0.0007 -0.06 0.1119 0.3674 0.6502 0.5109 -0.6633 -0.5469
0.0173 -0.054 0.114 0.3602 0.6502 0.1559 -0.7914 -0.5911
0.0195 -0.063 0.1219 0.3602 0.6672 0.2138 -0.9746 -0.0672
0.003 -0.069 0.1198 0.3674 0.6672 0.469 -0.8825 -0.0354
0.003 -0.069 0.1198 0.3674 0.6672 0.469 -0.8825 -0.0354
0.0007 -0.06 0.1119 0.3674 0.6502 0.5109 -0.6633 -0.5469
0.0173 -0.054 0.114 0.3602 0.6502 0.1559 -0.7914 -0.5911
0.0007 -0.06 0.1119 0.3674 0.6502 0.5109 -0.6633 -0.5469
0.0056 -0.0153 0.0197 0.3638 0.5228 0.1848 -0.7369 0.6503
0.0173 -0.054 0.114 0.3602 0.6502 0.1559 -0.7914 -0.5911
0.0346 -0.0525 0.1108 0.4687 0.6502 -0.2164 -0.8245 -0.5229
0.0369 -0.0615 0.1187 0.4687 0.6672 -0.0539 -0.9984 -0.0181
0.0195 -0.063 0.1219 0.476 0.6672 0.2138 -0.9746 -0.0672
0.0195 -0.063 0.1219 0.476 0.6672 0.2138 -0.9746 -0.0672
0.0173 -0.054 0.114 0.476 0.6502 0.1559 -0.7914 -0.5911
0.0346 -0.0525 0.1108 0.4687 0.6502 -0.2164 -0.8245 -0.5229
0.0173 -0.054 0.114 0.476 0.6502 0.1559 -0.7914 -0.5911
0.0056 -0.0153 0.0197 0.4723 0.5228 0.1848 -0.7369 0.6503
0.0346 -0.0525 0.1108 0.4687 0.6502 -0.2164 -0.8245 -0.5229
0.0501 -0.0556 0.1028 0.4615 0.6502 -0.5493 -0.7576 -0.3525
0.0524 -0.0646 0.1108 0.4615 0.6672 -0.2933 -0.9503 0.1044
0.0369 -0.0615 0.1187 0.4687 0.6672 -0.0539 -0.9984 -0.0181
0.0369 -0.0615 0.1187 0.4687 0.6672 -0.0539 -0.9984 -0.0181
0.0346 -0.0525 0.1108 0.4687 0.6502 -0.2164 -0.8245 -0.5229
0.0501 -0.0556 0.1028 0.4615 0.6502 -0.5493 -0.7576 -0.3525
0.0346 -0.0525 0.1108 0.4687 0.6502 -0.2164 -0.8245 -0.5229
0.0056 -0.0153 0.0197 0.4651 0.5228 0.1848 -0.7369 0.6503
0.0501 -0.0556 0.1028 0.4615 0.6502 -0.5493 -0.7576 -0.3525
0.0614 -0.0629 0.0914 0.4542 0.6502 -0.7922 -0.6009 -0.1059
0.0637 -0.0719 0.0993 0.4542 0.6672 -0.468 -0.8376 0.2817
0.0524 -0.0646 0.1108 0.4615 0.6672 -0.2933 -0.9503 0.1044
0.0524 -0.0646 0.1108 0.4615 0.6672 -0.2933 -0.9503 0.1044
0.0501 -0.0556 0.1028 0.4615 0.6502 -0.5493 -0.7576 -0.3525
0.0614 -0.0629 0.0914 0.4542 0.6502 -0.7922 -0.6009 -0.1059
0.0501 -0.0556 0.1028 0.4615 0.6502 -0.5493 -0.7576 -0.3525
0.0056 -0.0153 0.0197 0.4579 0.5228 0.1848 -0.7369 0.6503
0.0614 -0.0629 0.0914 0.4542 0.6502 -0.7922 -0.6009 -0.1059
0.0614 -0.0629 0.0914 0.4542 0.6502 -0.7922 -0.6009 -0.1059
0.0668 -0.0733 0.0781 0.447 0.6502 -0.9081 -0.3783 0.1793
0.0691 -0.0823 0.086 0.447 0.6672 -0.5513 -0.6775 0.4868
0.0691 -0.0823 0.086 0.447 0.6672 -0.5513 -0.6775 0.4868
0.0637 -0.0719 0.0993 0.4542 0.6672 -0.468 -0.8376 0.2817
0.0614 -0.0629 0.0914 0.4542 0.6502 -0.7922 -0.6009 -0.1059
-0.0414 -0.0572 -0.0228 0.5976 0.7922 -0.6026 -0.0692 -0.7951
0.0631 -0.034 -0.0262 0.832 0.7922 0.5242 0.1805 -0.8322
0.0725 -0.0716 0.007 0.832 0.9519 0.7376 -0.6703 -0.0814
0.0725 -0.0716 0.007 0.832 0.9519 0.7376 -0.6703 -0.0814
-0.032 -0.0948 0.0104 0.5976 0.9519 -0.3892 -0.9201 -0.0442
-0.0414 -0.0572 -0.0228 0.5976 0.7922 -0.6026 -0.0692 -0.7951
0.0725 -0.0716 0.007 0.832 0.6362 0.7376 -0.6703 -0.0814
0.06 -0.003 0.0883 0.832 0.9714 0.6026 0.0692 0.7951
-0.0445 -0.0262 0.0918 0.5976 0.9714 -0.5242 -0.1805 0.8322
-0.0445 -0.0262 0.0918 0.5976 0.9714 -0.5242 -0.1805 0.8322
-0.032 -0.0948 0.0104 0.5976 0.6362 -0.3892 -0.9201 -0.0442
0.0725 -0.0716 0.007 0.832 0.6362 0.7376 -0.6703 -0.0814
-0.032 -0.0948 0.0104 0.8365 0.9519 -0.3892 -0.9201 -0.0442
-0.0445 -0.0262 0.0918 0.6021 0.9519 -0.5242 -0.1805 0.8322
-0.054 0.0114 0.0586 0.6021 0.7922 -0.7376 0.6703 0.0814
-0.054 0.0114 0.0586 0.6021 0.7922 -0.7376 0.6703 0.0814
-0.0414 -0.0572 -0.0228 0.8365 0.7922 -0.6026 -0.0692 -0.7951
-0.032 -0.0948 0.0104 0.8365 0.9519 -0.3892 -0.9201 -0.0442
-0.0414 -0.0572 -0.0228 0.5976 0.9735 -0.6026 -0.0692 -0.7951
-0.054 0.0114 0.0586 0.5976 0.6384 -0.7376 0.6703 0.0814
0.0506 0.0346 0.0551 0.832 0.6384 0.3892 0.9201 0.0442
0.0506 0.0346 0.0551 0.832 0.6384 0.3892 0.9201 0.0442
0.0631 -0.034 -0.0262 0.832 0.9735 0.5242 0.1805 -0.8322
-0.0414 -0.0572 -0.0228 0.5976 0.9735 -0.6026 -0.0692 -0.7951
0.0631 -0.034 -0.0262 0.6007 0.798 0.5242 0.1805 -0.8322
0.0506 0.0346 0.0551 0.8351 0.798 0.3892 0.9201 0.0442
0.06 -0.003 0.0883 0.8351 0.9576 0.6026 0.0692 0.7951
0.06 -0.003 0.0883 0.8351 0.9576 0.6026 0.0692 0.7951
0.0725 -0.0716 0.007 0.6007 0.9576 0.7376 -0.6703 -0.0814
0.0631 -0.034 -0.0262 0.6007 0.798 0.5242 0.1805 -0.8322
-0.0445 -0.0262 0.0918 0.8381 0.9576 -0.5242 -0.1805 0.8322
0.06 -0.003 0.0883 0.6037 0.9576 0.6026 0.0692 0.7951
0.0506 0.0346 0.0551 0.6037 0.798 0.3892 0.9201 0.0442
0.0506 0.0346 0.0551 0.6037 0.798 0.3892 0.9201 0.0442
-0.054 0.0114 0.0586 0.8381 0.798 -0.7376 0.6703 0.0814
-0.0445 -0.0262 0.0918 0.8381 0.9576 -0.5242 -0.1805 0.8322
-0.8083 -0.2294 -0.0463 0.3489 0.8679 -0.6026 -0.0692 -0.7951
-0.1645 -0.0867 -0.0675 0.4852 0.8679 0.5242 0.1805 -0.8322
-0.1601 -0.1044 -0.0519 0.4852 0.9021 0.7376 -0.6703 -0.0814
-0.1601 -0.1044 -0.0519 0.4852 0.9021 0.7376 -0.6703 -0.0814
-0.8039 -0.2471 -0.0307 0.3489 0.9021 -0.3892 -0.9201 -0.0442
-0.8083 -0.2294 -0.0463 0.3489 0.8679 -0.6026 -0.0692 -0.7951
-0.1601 -0.1044 -0.0519 0.3103 0.712 0.7376 -0.6703 -0.0814
-0.1816 0.0135 0.0878 0.3103 0.9596 0.6026 0.0692 0.7951
-0.8254 -0.1292 0.1091 0.0204 0.9596 -0.5242 -0.1805 0.8322
-0.8254 -0.1292 0.1091 0.0204 0.9596 -0.5242 -0.1805 0.8322
-0.8039 -0.2471 -0.0307 0.0204 0.712 -0.3892 -0.9201 -0.0442
-0.1601 -0.1044 -0.0519 0.3103 0.712 0.7376 -0.6703 -0.0814
-0.8039 -0.2471 -0.0307 0.3885 0.9021 -0.3892 -0.9201 -0.0442
-0.8254 -0.1292 0.1091 0.3505 0.9021 -0.5242 -0.1805 0.8322
-0.8298 -0.1115 0.0935 0.3505 0.8679 -0.7376 0.6703 0.0814
-0.8298 -0.1115 0.0935 0.3505 0.8679 -0.7376 0.6703 0.0814
-0.8083 -0.2294 -0.0463 0.3885 0.8679 -0.6026 -0.0692 -0.7951
-0.8039 -0.2471 -0.0307 0.3885 0.9021 -0.3892 -0.9201 -0.0442
-0.8083 -0.2294 -0.0463 0.0204 0.712 -0.6026 -0.0692 -0.7951
-0.8298 -0.1115 0.0935 0.0204 0.9596 -0.7376 0.6703 0.0814
-0.1861 0.0312 0.0722 0.3103 0.9596 0.3892 0.9201 0.0442
-0.1861 0.0312 0.0722 0.3103 0.9596 0.3892 0.9201 0.0442
-0.1645 -0.0867 -0.0675 0.3103 0.712 0.5242 0.1805 -0.8322
-0.8083 -0.2294 -0.0463 0.0204 0.712 -0.6026 -0.0692 -0.7951
-0.1645 -0.0867 -0.0675 0.3498 0.8679 0.5242 0.1805 -0.8322
-0.1861 0.0312 0.0722 0.3878 0.8679 0.3892 0.9201 0.0442
-0.1816 0.0135 0.0878 0.3878 0.9021 0.6026 0.0692 0.7951
-0.1816 0.0135 0.0878 0.3878 0.9021 0.6026 0.0692 0.7951
-0.1601 -0.1044 -0.0519 0.3498 0.9021 0.7376 -0.6703 -0.0814
-0.1645 -0.0867 -0.0675 0.3498 0.8679 0.5242 0.1805 -0.8322
-0.8254 -0.1292 0.1091 0.4864 0.9021 -0.5242 -0.1805 0.8322
-0.1816 0.0135 0.0878 0.3501 0.9021 0.6026 0.0692 0.7951
-0.1861 0.0312 0.0722 0.3501 0.8679 0.3892 0.9201 0.0442
-0.1861 0.0312 0.0722 0.3501 0.8679 0.3892 0.9201 0.0442
-0.8298 -0.1115 0.0935 0.4864 0.8679 -0.7376 0.6703 0.0814
-0.8254 -0.1292 0.1091 0.4864 0.9021 -0.5242 -0.1805 0.8322
0.1778 -0.0108 -0.0788 0.3499 0.8706 -0.6026 -0.0692 -0.7951
0.8216 0.1319 -0.1 0.4864 0.8706 0.5242 0.1805 -0.8322
0.826 0.1142 -0.0844 0.4864 0.906 0.7376 -0.6703 -0.0814
0.826 0.1142 -0.0844 0.4864 0.906 0.7376 -0.6703 -0.0814
0.1822 -0.0285 -0.0632 0.3499 0.906 -0.3892 -0.9201 -0.0442
0.1778 -0.0108 -0.0788 0.3499 0.8706 -0.6026 -0.0692 -0.7951
0.826 0.1142 -0.0844 0.3103 0.712 0.7376 -0.6703 -0.0814
0.8045 0.2321 0.0553 0.3103 0.9596 0.6026 0.0692 0.7951
0.1607 0.0894 0.0765 0.0204 0.9596 -0.5242 -0.1805 0.8322
0.1607 0.0894 0.0765 0.0204 0.9596 -0.5242 -0.1805 0.8322
0.1822 -0.0285 -0.0632 0.0204 0.712 -0.3892 -0.9201 -0.0442
0.826 0.1142 -0.0844 0.3103 0.712 0.7376 -0.6703 -0.0814
0.1822 -0.0285 -0.0632 0.3884 0.9035 -0.3892 -0.9201 -0.0442
0.1607 0.0894 0.0765 0.3503 0.9035 -0.5242 -0.1805 0.8322
0.1563 0.1071 0.0609 0.3503 0.868 -0.7376 0.6703 0.0814
0.1563 0.1071 0.0609 0.3503 0.868 -0.7376 0.6703 0.0814
0.1778 -0.0108 -0.0788 0.3884 0.868 -0.6026 -0.0692 -0.7951
0.1822 -0.0285 -0.0632 0.3884 0.9035 -0.3892 -0.9201 -0.0442
0.1778 -0.0108 -0.0788 0.0204 0.712 -0.6026 -0.0692 -0.7951
0.1563 0.1071 0.0609 0.0204 0.9596 -0.7376 0.6703 0.0814
0.8 0.2498 0.0397 0.3103 0.9596 0.3892 0.9201 0.0442
0.8 0.2498 0.0397 0.3103 0.9596 0.3892 0.9201 0.0442
0.8216 0.1319 -0.1 0.3103 0.712 0.5242 0.1805 -0.8322
0.1778 -0.0108 -0.0788 0.0204 0.712 -0.6026 -0.0692 -0.7951
0.8216 0.1319 -0.1 0.3488 0.8706 0.5242 0.1805 -0.8322
0.8 0.2498 0.0397 0.3868 0.8706 0.3892 0.9201 0.0442
0.8045 0.2321 0.0553 0.3868 0.906 0.6026 0.0692 0.7951
0.8045 0.2321 0.0553 0.3868 0.906 0.6026 0.0692 0.7951
0.826 0.1142 -0.0844 0.3488 0.906 0.7376 -0.6703 -0.0814
0.8216 0.1319 -0.1 0.3488 0.8706 0.5242 0.1805 -0.8322
0.1607 0.0894 0.0765 0.4868 0.9035 -0.5242 -0.1805 0.8322
0.8045 0.2321 0.0553 0.3503 0.9035 0.6026 0.0692 0.7951
0.8 0.2498 0.0397 0.3503 0.868 0.3892 0.9201 0.0442
0.8 0.2498 0.0397 0.3503 0.868 0.3892 0.9201 0.0442
0.1563 0.1071 0.0609 0.4868 0.868 -0.7376 0.6703 0.0814
0.1607 0.0894 0.0765 0.4868 0.9035 -0.5242 -0.1805 0.8322
0.7758 0.1754 -0.0162 0.9779 0.9157 0.4099 0.3742 0.8318
0.7763 0.1735 -0.0159 0.9779 0.9273 0.4859 0.0375 0.8732
0.7767 0.1715 -0.0165 0.9779 0.935 0.5554 -0.2899 0.7794
0.7751 0.1784 -0.0188 0.9779 0.8884 0.2839 0.8767 0.3884
0.7754 0.1772 -0.0172 0.9779 0.9021 0.339 0.6689 0.6616
0.7758 0.1754 -0.0162 0.9779 0.9157 0.4099 0.3742 0.8318
0.7751 0.1784 -0.0188 0.9779 0.8884 0.2839 0.8767 0.3884
0.7758 0.1754 -0.0162 0.9779 0.9157 0.4099 0.3742 0.8318
0.7767 0.1715 -0.0165 0.9779 0.935 0.5554 -0.2899 0.7794
0.7749 0.1787 -0.0228 0.9779 0.8691 0.2512 0.9231 -0.2911
0.7749 0.1789 -0.0208 0.9779 0.8768 0.2531 0.9659 0.0539
0.7751 0.1784 -0.0188 0.9779 0.8884 0.2839 0.8767 0.3884
0.7749 0.1787 -0.0228 0.9779 0.8691 0.2512 0.9231 -0.2911
0.7751 0.1784 -0.0188 0.9779 0.8884 0.2839 0.8767 0.3884
0.7767 0.1715 -0.0165 0.9779 0.935 0.5554 -0.2899 0.7794
0.7754 0.1761 -0.0258 0.9779 0.8691 0.331 0.4864 -0.8086
0.775 0.1777 -0.0246 0.9779 0.8664 0.2786 0.7547 -0.594
0.7749 0.1787 -0.0228 0.9779 0.8691 0.2512 0.9231 -0.2911
0.7754 0.1761 -0.0258 0.9779 0.8691 0.331 0.4864 -0.8086
0.7749 0.1787 -0.0228 0.9779 0.8691 0.2512 0.9231 -0.2911
0.7767 0.1715 -0.0165 0.9779 0.935 0.5554 -0.2899 0.7794
0.7754 0.1761 -0.0258 0.9779 0.8691 0.331 0.4864 -0.8086
0.7767 0.1715 -0.0165 0.9779 0.935 0.5554 -0.2899 0.7794
0.777 0.17 -0.0178 0.9779 0.9377 0.6078 -0.5582 0.5647
0.7758 0.1742 -0.0264 0.9779 0.8768 0.4004 0.1589 -0.9024
0.7754 0.1761 -0.0258 0.9779 0.8691 0.331 0.4864 -0.8086
0.777 0.17 -0.0178 0.9779 0.9377 0.6078 -0.5582 0.5647
0.777 0.1692 -0.0235 0.9779 0.9157 0.6024 -0.6802 -0.4176
0.7766 0.1705 -0.0251 0.9779 0.9021 0.5474 -0.4724 -0.6908
0.7762 0.1722 -0.0261 0.9779 0.8884 0.4764 -0.1777 -0.8611
0.777 0.1692 -0.0235 0.9779 0.9157 0.6024 -0.6802 -0.4176
0.7762 0.1722 -0.0261 0.9779 0.8884 0.4764 -0.1777 -0.8611
0.7758 0.1742 -0.0264 0.9779 0.8768 0.4004 0.1589 -0.9024
0.7771 0.1687 -0.0216 0.9779 0.9273 0.6333 -0.7695 -0.0831
0.777 0.1692 -0.0235 0.9779 0.9157 0.6024 -0.6802 -0.4176
0.7758 0.1742 -0.0264 0.9779 0.8768 0.4004 0.1589 -0.9024
0.7771 0.1687 -0.0216 0.9779 0.9273 0.6333 -0.7695 -0.0831
0.7758 0.1742 -0.0264 0.9779 0.8768 0.4004 0.1589 -0.9024
0.777 0.17 -0.0178 0.9779 0.9377 0.6078 -0.5582 0.5647
0.7771 0.169 -0.0195 0.9779 0.935 0.6352 -0.7266 0.2619
0.7771 0.1687 -0.0216 0.9779 0.9273 0.6333 -0.7695 -0.0831
0.777 0.17 -0.0178 0.9779 0.9377 0.6078 -0.5582 0.5647
0.777 0.17 -0.0178 0.9779 0.9377 0.6078 -0.5582 0.5647
0.7767 0.1715 -0.0165 0.9779 0.935 0.5554 -0.2899 0.7794
-0.7729 -0.172 0.0346 0.8856 0.935 -0.331 -0.4864 0.8086
-0.7729 -0.172 0.0346 0.8856 0.935 -0.331 -0.4864 0.8086
-0.7726 -0.1735 0.0334 0.8856 0.9377 -0.2786 -0.7547 0.594
0.777 0.17 -0.0178 0.9779 0.9377 0.6078 -0.5582 0.5647
0.7771 0.169 -0.0195 0.9779 0.935 0.6352 -0.7266 0.2619
0.777 0.17 -0.0178 0.9779 0.9377 0.6078 -0.5582 0.5647
-0.7726 -0.1735 0.0334 0.8856 0.9377 -0.2786 -0.7547 0.594
-0.7726 -0.1735 0.0334 0.8856 0.9377 -0.2786 -0.7547 0.594
-0.7724 -0.1745 0.0316 0.8856 0.935 -0.2512 -0.9231 0.2911
0.7771 0.169 -0.0195 0.9779 0.935 0.6352 -0.7266 0.2619
0.7771 0.169 -0.0195 0.9779 0.935 0.6352 -0.7266 0.2619
-0.7724 -0.1745 0.0316 0.8856 0.935 -0.2512 -0.9231 0.2911
-0.7724 -0.1748 0.0296 0.8856 0.9273 -0.2531 -0.9659 -0.0539
-0.7724 -0.1748 0.0296 0.8856 0.9273 -0.2531 -0.9659 -0.0539
0.7771 0.1687 -0.0216 0.9779 0.9273 0.6333 -0.7695 -0.0831
0.7771 0.169 -0.0195 0.9779 0.935 0.6352 -0.7266 0.2619
0.7771 0.1687 -0.0216 0.9779 0.9273 0.6333 -0.7695 -0.0831
-0.7724 -0.1748 0.0296 0.8856 0.9273 -0.2531 -0.9659 -0.0539
-0.7726 -0.1742 0.0276 0.8856 0.9157 -0.2839 -0.8767 -0.3884
-0.7726 -0.1742 0.0276 0.8856 0.9157 -0.2839 -0.8767 -0.3884
0.777 0.1692 -0.0235 0.9779 0.9157 0.6024 -0.6802 -0.4176
0.7771 0.1687 -0.0216 0.9779 0.9273 0.6333 -0.7695 -0.0831
0.7766 0.1705 -0.0251 0.9779 0.9021 0.5474 -0.4724 -0.6908
0.777 0.1692 -0.0235 0.9779 0.9157 0.6024 -0.6802 -0.4176
-0.7726 -0.1742 0.0276 0.8856 0.9157 -0.2839 -0.8767 -0.3884
-0.7726 -0.1742 0.0276 0.8856 0.9157 -0.2839 -0.8767 -0.3884
-0.7729 -0.173 0.026 0.8856 0.9021 -0.339 -0.6689 -0.6616
0.7766 0.1705 -0.0251 0.9779 0.9021 0.5474 -0.4724 -0.6908
0.7762 0.1722 -0.0261 0.9779 0.8884 0.4764 -0.1777 -0.8611
0.7766 0.1705 -0.0251 0.9779 0.9021 0.5474 -0.4724 -0.6908
-0.7729 -0.173 0.026 0.8856 0.9021 -0.339 -0.6689 -0.6616
-0.7729 -0.173 0.026 0.8856 0.9021 -0.339 -0.6689 -0.6616
-0.7734 -0.1713 0.025 0.8856 0.8884 -0.4099 -0.3742 -0.8318
0.7762 0.1722 -0.0261 0.9779 0.8884 0.4764 -0.1777 -0.8611
-0.7734 -0.1713 0.025 0.8856 0.8884 -0.4099 -0.3742 -0.8318
-0.7738 -0.1693 0.0248 0.8856 0.8768 -0.4859 -0.0375 -0.8732
0.7758 0.1742 -0.0264 0.9779 0.8768 0.4004 0.1589 -0.9024
0.7758 0.1742 -0.0264 0.9779 0.8768 0.4004 0.1589 -0.9024
0.7762 0.1722 -0.0261 0.9779 0.8884 0.4764 -0.1777 -0.8611
-0.7734 -0.1713 0.025 0.8856 0.8884 -0.4099 -0.3742 -0.8318
-0.7742 -0.1674 0.0253 0.8856 0.8691 -0.5554 0.2899 -0.7794
0.7754 0.1761 -0.0258 0.9779 0.8691 0.331 0.4864 -0.8086
0.7758 0.1742 -0.0264 0.9779 0.8768 0.4004 0.1589 -0.9024
0.7758 0.1742 -0.0264 0.9779 0.8768 0.4004 0.1589 -0.9024
-0.7738 -0.1693 0.0248 0.8856 0.8768 -0.4859 -0.0375 -0.8732
-0.7742 -0.1674 0.0253 0.8856 0.8691 -0.5554 0.2899 -0.7794
-0.7745 -0.1658 0.0266 0.8856 0.8664 -0.6078 0.5582 -0.5647
0.775 0.1777 -0.0246 0.9779 0.8664 0.2786 0.7547 -0.594
0.7754 0.1761 -0.0258 0.9779 0.8691 0.331 0.4864 -0.8086
0.7754 0.1761 -0.0258 0.9779 0.8691 0.331 0.4864 -0.8086
-0.7742 -0.1674 0.0253 0.8856 0.8691 -0.5554 0.2899 -0.7794
-0.7745 -0.1658 0.0266 0.8856 0.8664 -0.6078 0.5582 -0.5647
0.775 0.1777 -0.0246 0.9779 0.8664 0.2786 0.7547 -0.594
-0.7745 -0.1658 0.0266 0.8856 0.8664 -0.6078 0.5582 -0.5647
-0.7747 -0.1648 0.0283 0.8856 0.8691 -0.6352 0.7266 -0.2619
-0.7747 -0.1648 0.0283 0.8856 0.8691 -0.6352 0.7266 -0.2619
0.7749 0.1787 -0.0228 0.9779 0.8691 0.2512 0.9231 -0.2911
0.775 0.1777 -0.0246 0.9779 0.8664 0.2786 0.7547 -0.594
0.7749 0.1787 -0.0228 0.9779 0.8691 0.2512 0.9231 -0.2911
-0.7747 -0.1648 0.0283 0.8856 0.8691 -0.6352 0.7266 -0.2619
-0.7747 -0.1646 0.0304 0.8856 0.8768 -0.6333 0.7695 0.0831
-0.7747 -0.1646 0.0304 0.8856 0.8768 -0.6333 0.7695 0.0831
0.7749 0.1789 -0.0208 0.9779 0.8768 0.2531 0.9659 0.0539
0.7749 0.1787 -0.0228 0.9779 0.8691 0.2512 0.9231 -0.2911
0.7749 0.1789 -0.0208 0.9779 0.8768 0.2531 0.9659 0.0539
-0.7747 -0.1646 0.0304 0.8856 0.8768 -0.6333 0.7695 0.0831
-0.7745 -0.1651 0.0323 0.8856 0.8884 -0.6024 0.6802 0.4176
-0.7745 -0.1651 0.0323 0.8856 0.8884 -0.6024 0.6802 0.4176
0.7751 0.1784 -0.0188 0.9779 0.8884 0.2839 0.8767 0.3884
0.7749 0.1789 -0.0208 0.9779 0.8768 0.2531 0.9659 0.0539
0.7751 0.1784 -0.0188 0.9779 0.8884 0.2839 0.8767 0.3884
-0.7745 -0.1651 0.0323 0.8856 0.8884 -0.6024 0.6802 0.4176
-0.7742 -0.1663 0.0339 0.8856 0.9021 -0.5474 0.4724 0.6908
-0.7742 -0.1663 0.0339 0.8856 0.9021 -0.5474 0.4724 0.6908
0.7754 0.1772 -0.0172 0.9779 0.9021 0.339 0.6689 0.6616
0.7751 0.1784 -0.0188 0.9779 0.8884 0.2839 0.8767 0.3884
0.7754 0.1772 -0.0172 0.9779 0.9021 0.339 0.6689 0.6616
-0.7742 -0.1663 0.0339 0.8856 0.9021 -0.5474 0.4724 0.6908
-0.7737 -0.1681 0.0349 0.8856 0.9157 -0.4764 0.1777 0.8611
-0.7737 -0.1681 0.0349 0.8856 0.9157 -0.4764 0.1777 0.8611
0.7758 0.1754 -0.0162 0.9779 0.9157 0.4099 0.3742 0.8318
0.7754 0.1772 -0.0172 0.9779 0.9021 0.339 0.6689 0.6616
0.7758 0.1754 -0.0162 0.9779 0.9157 0.4099 0.3742 0.8318
-0.7737 -0.1681 0.0349 0.8856 0.9157 -0.4764 0.1777 0.8611
-0.7733 -0.17 0.0352 0.8856 0.9273 -0.4004 -0.1589 0.9024
-0.7733 -0.17 0.0352 0.8856 0.9273 -0.4004 -0.1589 0.9024
0.7763 0.1735 -0.0159 0.9779 0.9273 0.4859 0.0375 0.8732
0.7758 0.1754 -0.0162 0.9779 0.9157 0.4099 0.3742 0.8318
0.7763 0.1735 -0.0159 0.9779 0.9273 0.4859 0.0375 0.8732
-0.7733 -0.17 0.0352 0.8856 0.9273 -0.4004 -0.1589 0.9024
-0.7729 -0.172 0.0346 0.8856 0.935 -0.331 -0.4864 0.8086
-0.7729 -0.172 0.0346 0.8856 0.935 -0.331 -0.4864 0.8086
0.7767 0.1715 -0.0165 0.9779 0.935 0.5554 -0.2899 0.7794
0.7763 0.1735 -0.0159 0.9779 0.9273 0.4859 0.0375 0.8732
-0.7726 -0.1742 0.0276 0.8856 0.9157 -0.2839 -0.8767 -0.3884
-0.7724 -0.1748 0.0296 0.8856 0.9273 -0.2531 -0.9659 -0.0539
-0.7724 -0.1745 0.0316 0.8856 0.935 -0.2512 -0.9231 0.2911
-0.7734 -0.1713 0.025 0.8856 0.8884 -0.4099 -0.3742 -0.8318
-0.7729 -0.173 0.026 0.8856 0.9021 -0.339 -0.6689 -0.6616
-0.7726 -0.1742 0.0276 0.8856 0.9157 -0.2839 -0.8767 -0.3884
-0.7742 -0.1674 0.0253 0.8856 0.8691 -0.5554 0.2899 -0.7794
-0.7738 -0.1693 0.0248 0.8856 0.8768 -0.4859 -0.0375 -0.8732
-0.7734 -0.1713 0.025 0.8856 0.8884 -0.4099 -0.3742 -0.8318
-0.7742 -0.1674 0.0253 0.8856 0.8691 -0.5554 0.2899 -0.7794
-0.7734 -0.1713 0.025 0.8856 0.8884 -0.4099 -0.3742 -0.8318
-0.7726 -0.1742 0.0276 0.8856 0.9157 -0.2839 -0.8767 -0.3884
-0.7747 -0.1646 0.0304 0.8856 0.8768 -0.6333 0.7695 0.0831
-0.7747 -0.1648 0.0283 0.8856 0.8691 -0.6352 0.7266 -0.2619
-0.7745 -0.1658 0.0266 0.8856 0.8664 -0.6078 0.5582 -0.5647
-0.7742 -0.1663 0.0339 0.8856 0.9021 -0.5474 0.4724 0.6908
-0.7745 -0.1651 0.0323 0.8856 0.8884 -0.6024 0.6802 0.4176
-0.7747 -0.1646 0.0304 0.8856 0.8768 -0.6333 0.7695 0.0831
-0.7742 -0.1663 0.0339 0.8856 0.9021 -0.5474 0.4724 0.6908
-0.7747 -0.1646 0.0304 0.8856 0.8768 -0.6333 0.7695 0.0831
-0.7745 -0.1658 0.0266 0.8856 0.8664 -0.6078 0.5582 -0.5647
-0.7742 -0.1663 0.0339 0.8856 0.9021 -0.5474 0.4724 0.6908
-0.7745 -0.1658 0.0266 0.8856 0.8664 -0.6078 0.5582 -0.5647
-0.7742 -0.1674 0.0253 0.8856 0.8691 -0.5554 0.2899 -0.7794
-0.7733 -0.17 0.0352 0.8856 0.9273 -0.4004 -0.1589 0.9024
-0.7737 -0.1681 0.0349 0.8856 0.9157 -0.4764 0.1777 0.8611
-0.7742 -0.1663 0.0339 0.8856 0.9021 -0.5474 0.4724 0.6908
-0.7729 -0.172 0.0346 0.8856 0.935 -0.331 -0.4864 0.8086
-0.7733 -0.17 0.0352 0.8856 0.9273 -0.4004 -0.1589 0.9024
-0.7742 -0.1663 0.0339 0.8856 0.9021 -0.5474 0.4724 0.6908
-0.7729 -0.172 0.0346 0.8856 0.935 -0.331 -0.4864 0.8086
-0.7742 -0.1663 0.0339 0.8856 0.9021 -0.5474 0.4724 0.6908
-0.7742 -0.1674 0.0253 0.8856 0.8691 -0.5554 0.2899 -0.7794
-0.7729 -0.172 0.0346 0.8856 0.935 -0.331 -0.4864 0.8086
-0.7742 -0.1674 0.0253 0.8856 0.8691 -0.5554 0.2899 -0.7794
-0.7726 -0.1742 0.0276 0.8856 0.9157 -0.2839 -0.8767 -0.3884
-0.7729 -0.172 0.0346 0.8856 0.935 -0.331 -0.4864 0.8086
-0.7726 -0.1742 0.0276 0.8856 0.9157 -0.2839 -0.8767 -0.3884
-0.7724 -0.1745 0.0316 0.8856 0.935 -0.2512 -0.9231 0.2911
-0.7726 -0.1735 0.0334 0.8856 0.9377 -0.2786 -0.7547 0.594
-0.7729 -0.172 0.0346 0.8856 0.935 -0.331 -0.4864 0.8086
-0.7724 -0.1745 0.0316 0.8856 0.935 -0.2512 -0.9231 0.2911
-0.0288 0.1413 -0.1041 0.9755 0.8064 0.1525 0.9356 0.3184
-0.025 0.1406 -0.1061 0.9755 0.7962 0.4571 0.8744 0.1625
-0.0222 0.1388 -0.1089 0.9755 0.7809 0.6794 0.7311 -0.0631
-0.0372 0.1395 -0.1038 0.9755 0.8064 -0.5129 0.7881 0.3404
-0.0331 0.141 -0.1033 0.9755 0.81 -0.1881 0.9053 0.3809
-0.0288 0.1413 -0.1041 0.9755 0.8064 0.1525 0.9356 0.3184
-0.0372 0.1395 -0.1038 0.9755 0.8064 -0.5129 0.7881 0.3404
-0.0288 0.1413 -0.1041 0.9755 0.8064 0.1525 0.9356 0.3184
-0.0222 0.1388 -0.1089 0.9755 0.7809 0.6794 0.7311 -0.0631
-0.0424 0.1343 -0.1082 0.9755 0.7809 -0.927 0.375 -0.0101
-0.0405 0.1371 -0.1055 0.9755 0.7962 -0.7723 0.6019 0.2031
-0.0372 0.1395 -0.1038 0.9755 0.8064 -0.5129 0.7881 0.3404
-0.0424 0.1343 -0.1082 0.9755 0.7809 -0.927 0.375 -0.0101
-0.0372 0.1395 -0.1038 0.9755 0.8064 -0.5129 0.7881 0.3404
-0.0222 0.1388 -0.1089 0.9755 0.7809 0.6794 0.7311 -0.0631
-0.0414 0.1288 -0.1147 0.9755 0.7449 -0.8472 -0.0617 -0.5276
-0.0428 0.1313 -0.1115 0.9755 0.7629 -0.9533 0.142 -0.2667
-0.0424 0.1343 -0.1082 0.9755 0.7809 -0.927 0.375 -0.0101
-0.0414 0.1288 -0.1147 0.9755 0.7449 -0.8472 -0.0617 -0.5276
-0.0424 0.1343 -0.1082 0.9755 0.7809 -0.927 0.375 -0.0101
-0.0222 0.1388 -0.1089 0.9755 0.7809 0.6794 0.7311 -0.0631
-0.0414 0.1288 -0.1147 0.9755 0.7449 -0.8472 -0.0617 -0.5276
-0.0222 0.1388 -0.1089 0.9755 0.7809 0.6794 0.7311 -0.0631
-0.0208 0.1362 -0.1122 0.9755 0.7629 0.7854 0.5274 -0.324
-0.0386 0.127 -0.1176 0.9755 0.7296 -0.625 -0.2051 -0.7532
-0.0414 0.1288 -0.1147 0.9755 0.7449 -0.8472 -0.0617 -0.5276
-0.0208 0.1362 -0.1122 0.9755 0.7629 0.7854 0.5274 -0.324
-0.0264 0.1281 -0.1198 0.9755 0.7193 0.345 -0.1188 -0.9311
-0.0305 0.1266 -0.1203 0.9755 0.7158 0.0202 -0.236 -0.9716
-0.0348 0.1262 -0.1196 0.9755 0.7193 -0.3204 -0.2663 -0.9091
-0.0264 0.1281 -0.1198 0.9755 0.7193 0.345 -0.1188 -0.9311
-0.0348 0.1262 -0.1196 0.9755 0.7193 -0.3204 -0.2663 -0.9091
-0.0386 0.127 -0.1176 0.9755 0.7296 -0.625 -0.2051 -0.7532
-0.0231 0.1304 -0.1181 0.9755 0.7296 0.6045 0.0674 -0.7938
-0.0264 0.1281 -0.1198 0.9755 0.7193 0.345 -0.1188 -0.9311
-0.0386 0.127 -0.1176 0.9755 0.7296 -0.625 -0.2051 -0.7532
-0.0231 0.1304 -0.1181 0.9755 0.7296 0.6045 0.0674 -0.7938
-0.0386 0.127 -0.1176 0.9755 0.7296 -0.625 -0.2051 -0.7532
-0.0208 0.1362 -0.1122 0.9755 0.7629 0.7854 0.5274 -0.324
-0.0212 0.1333 -0.1154 0.9755 0.7449 0.7591 0.2943 -0.5806
-0.0231 0.1304 -0.1181 0.9755 0.7296 0.6045 0.0674 -0.7938
-0.0208 0.1362 -0.1122 0.9755 0.7629 0.7854 0.5274 -0.324
-0.0208 0.1362 -0.1122 0.9755 0.7629 0.7854 0.5274 -0.324
-0.0222 0.1388 -0.1089 0.9755 0.7809 0.6794 0.7311 -0.0631
-0.0168 0.1173 -0.0899 0.8822 0.7809 0.8472 0.0617 0.5276
-0.0168 0.1173 -0.0899 0.8822 0.7809 0.8472 0.0617 0.5276
-0.0154 0.1147 -0.0932 0.8822 0.7629 0.9533 -0.142 0.2667
-0.0208 0.1362 -0.1122 0.9755 0.7629 0.7854 0.5274 -0.324
-0.0212 0.1333 -0.1154 0.9755 0.7449 0.7591 0.2943 -0.5806
-0.0208 0.1362 -0.1122 0.9755 0.7629 0.7854 0.5274 -0.324
-0.0154 0.1147 -0.0932 0.8822 0.7629 0.9533 -0.142 0.2667
-0.0154 0.1147 -0.0932 0.8822 0.7629 0.9533 -0.142 0.2667
-0.0158 0.1117 -0.0964 0.8822 0.7449 0.927 -0.375 0.0101
-0.0212 0.1333 -0.1154 0.9755 0.7449 0.7591 0.2943 -0.5806
-0.0212 0.1333 -0.1154 0.9755 0.7449 0.7591 0.2943 -0.5806
-0.0158 0.1117 -0.0964 0.8822 0.7449 0.927 -0.375 0.0101
-0.0177 0.1089 -0.0991 0.8822 0.7296 0.7723 -0.6019 -0.2031
-0.0177 0.1089 -0.0991 0.8822 0.7296 0.7723 -0.6019 -0.2031
-0.0231 0.1304 -0.1181 0.9755 0.7296 0.6045 0.0674 -0.7938
-0.0212 0.1333 -0.1154 0.9755 0.7449 0.7591 0.2943 -0.5806
-0.0231 0.1304 -0.1181 0.9755 0.7296 0.6045 0.0674 -0.7938
-0.0177 0.1089 -0.0991 0.8822 0.7296 0.7723 -0.6019 -0.2031
-0.021 0.1065 -0.1008 0.8822 0.7193 0.5129 -0.7881 -0.3404
-0.021 0.1065 -0.1008 0.8822 0.7193 0.5129 -0.7881 -0.3404
-0.0264 0.1281 -0.1198 0.9755 0.7193 0.345 -0.1188 -0.9311
-0.0231 0.1304 -0.1181 0.9755 0.7296 0.6045 0.0674 -0.7938
-0.0305 0.1266 -0.1203 0.9755 0.7158 0.0202 -0.236 -0.9716
-0.0264 0.1281 -0.1198 0.9755 0.7193 0.345 -0.1188 -0.9311
-0.021 0.1065 -0.1008 0.8822 0.7193 0.5129 -0.7881 -0.3404
-0.021 0.1065 -0.1008 0.8822 0.7193 0.5129 -0.7881 -0.3404
-0.0251 0.1051 -0.1014 0.8822 0.7158 0.1881 -0.9053 -0.3809
-0.0305 0.1266 -0.1203 0.9755 0.7158 0.0202 -0.236 -0.9716
-0.0348 0.1262 -0.1196 0.9755 0.7193 -0.3204 -0.2663 -0.9091
-0.0305 0.1266 -0.1203 0.9755 0.7158 0.0202 -0.236 -0.9716
-0.0251 0.1051 -0.1014 0.8822 0.7158 0.1881 -0.9053 -0.3809
-0.0251 0.1051 -0.1014 0.8822 0.7158 0.1881 -0.9053 -0.3809
-0.0294 0.1047 -0.1006 0.8822 0.7193 -0.1525 -0.9356 -0.3184
-0.0348 0.1262 -0.1196 0.9755 0.7193 -0.3204 -0.2663 -0.9091
-0.0294 0.1047 -0.1006 0.8822 0.7193 -0.1525 -0.9356 -0.3184
-0.0332 0.1055 -0.0986 0.8822 0.7296 -0.4571 -0.8744 -0.1625
-0.0386 0.127 -0.1176 0.9755 0.7296 -0.625 -0.2051 -0.7532
-0.0386 0.127 -0.1176 0.9755 0.7296 -0.625 -0.2051 -0.7532
-0.0348 0.1262 -0.1196 0.9755 0.7193 -0.3204 -0.2663 -0.9091
-0.0294 0.1047 -0.1006 0.8822 0.7193 -0.1525 -0.9356 -0.3184
-0.036 0.1073 -0.0958 0.8822 0.7449 -0.6794 -0.7311 0.0631
-0.0414 0.1288 -0.1147 0.9755 0.7449 -0.8472 -0.0617 -0.5276
-0.0386 0.127 -0.1176 0.9755 0.7296 -0.625 -0.2051 -0.7532
-0.0386 0.127 -0.1176 0.9755 0.7296 -0.625 -0.2051 -0.7532
-0.0332 0.1055 -0.0986 0.8822 0.7296 -0.4571 -0.8744 -0.1625
-0.036 0.1073 -0.0958 0.8822 0.7449 -0.6794 -0.7311 0.0631
-0.0374 0.1098 -0.0925 0.8822 0.7629 -0.7854 -0.5274 0.324
-0.0428 0.1313 -0.1115 0.9755 0.7629 -0.9533 0.142 -0.2667
-0.0414 0.1288 -0.1147 0.9755 0.7449 -0.8472 -0.0617 -0.5276
-0.0414 0.1288 -0.1147 0.9755 0.7449 -0.8472 -0.0617 -0.5276
-0.036 0.1073 -0.0958 0.8822 0.7449 -0.6794 -0.7311 0.0631
-0.0374 0.1098 -0.0925 0.8822 0.7629 -0.7854 -0.5274 0.324
-0.0428 0.1313 -0.1115 0.9755 0.7629 -0.9533 0.142 -0.2667
-0.0374 0.1098 -0.0925 0.8822 0.7629 -0.7854 -0.5274 0.324
-0.037 0.1128 -0.0892 0.8822 0.7809 -0.7591 -0.2943 0.5806
-0.037 0.1128 -0.0892 0.8822 0.7809 -0.7591 -0.2943 0.5806
-0.0424 0.1343 -0.1082 0.9755 0.7809 -0.927 0.375 -0.0101
-0.0428 0.1313 -0.1115 0.9755 0.7629 -0.9533 0.142 -0.2667
-0.0424 0.1343 -0.1082 0.9755 0.7809 -0.927 0.375 -0.0101
-0.037 0.1128 -0.0892 0.8822 0.7809 -0.7591 -0.2943 0.5806
-0.0351 0.1156 -0.0866 0.8822 0.7962 -0.6045 -0.0674 0.7938
-0.0351 0.1156 -0.0866 0.8822 0.7962 -0.6045 -0.0674 0.7938
-0.0405 0.1371 -0.1055 0.9755 0.7962 -0.7723 0.6019 0.2031
-0.0424 0.1343 -0.1082 0.9755 0.7809 -0.927 0.375 -0.0101
-0.0405 0.1371 -0.1055 0.9755 0.7962 -0.7723 0.6019 0.2031
-0.0351 0.1156 -0.0866 0.8822 0.7962 -0.6045 -0.0674 0.7938
-0.0318 0.118 -0.0848 0.8822 0.8064 -0.345 0.1188 0.9311
-0.0318 0.118 -0.0848 0.8822 0.8064 -0.345 0.1188 0.9311
-0.0372 0.1395 -0.1038 0.9755 0.8064 -0.5129 0.7881 0.3404
-0.0405 0.1371 -0.1055 0.9755 0.7962 -0.7723 0.6019 0.2031
-0.0372 0.1395 -0.1038 0.9755 0.8064 -0.5129 0.7881 0.3404
-0.0318 0.118 -0.0848 0.8822 0.8064 -0.345 0.1188 0.9311
-0.0277 0.1194 -0.0843 0.8822 0.81 -0.0202 0.236 0.9716
-0.0277 0.1194 -0.0843 0.8822 0.81 -0.0202 0.236 0.9716
-0.0331 0.141 -0.1033 0.9755 0.81 -0.1881 0.9053 0.3809
-0.0372 0.1395 -0.1038 0.9755 0.8064 -0.5129 0.7881 0.3404
-0.0331 0.141 -0.1033 0.9755 0.81 -0.1881 0.9053 0.3809
-0.0277 0.1194 -0.0843 0.8822 0.81 -0.0202 0.236 0.9716
-0.0234 0.1198 -0.0851 0.8822 0.8064 0.3204 0.2663 0.9091
-0.0234 0.1198 -0.0851 0.8822 0.8064 0.3204 0.2663 0.9091
-0.0288 0.1413 -0.1041 0.9755 0.8064 0.1525 0.9356 0.3184
-0.0331 0.141 -0.1033 0.9755 0.81 -0.1881 0.9053 0.3809
-0.0288 0.1413 -0.1041 0.9755 0.8064 0.1525 0.9356 0.3184
-0.0234 0.1198 -0.0851 0.8822 0.8064 0.3204 0.2663 0.9091
-0.0196 0.1191 -0.0871 0.8822 0.7962 0.625 0.2051 0.7532
-0.0196 0.1191 -0.0871 0.8822 0.7962 0.625 0.2051 0.7532
-0.025 0.1406 -0.1061 0.9755 0.7962 0.4571 0.8744 0.1625
-0.0288 0.1413 -0.1041 0.9755 0.8064 0.1525 0.9356 0.3184
-0.025 0.1406 -0.1061 0.9755 0.7962 0.4571 0.8744 0.1625
-0.0196 0.1191 -0.0871 0.8822 0.7962 0.625 0.2051 0.7532
-0.0168 0.1173 -0.0899 0.8822 0.7809 0.8472 0.0617 0.5276
-0.0168 0.1173 -0.0899 0.8822 0.7809 0.8472 0.0617 0.5276
-0.0222 0.1388 -0.1089 0.9755 0.7809 0.6794 0.7311 -0.0631
-0.025 0.1406 -0.1061 0.9755 0.7962 0.4571 0.8744 0.1625
-0.021 0.1065 -0.1008 0.8822 0.7193 0.5129 -0.7881 -0.3404
-0.0177 0.1089 -0.0991 0.8822 0.7296 0.7723 -0.6019 -0.2031
-0.0158 0.1117 -0.0964 0.8822 0.7449 0.927 -0.375 0.0101
-0.0294 0.1047 -0.1006 0.8822 0.7193 -0.1525 -0.9356 -0.3184
-0.0251 0.1051 -0.1014 0.8822 0.7158 0.1881 -0.9053 -0.3809
-0.021 0.1065 -0.1008 0.8822 0.7193 0.5129 -0.7881 -0.3404
-0.036 0.1073 -0.0958 0.8822 0.7449 -0.6794 -0.7311 0.0631
-0.0332 0.1055 -0.0986 0.8822 0.7296 -0.4571 -0.8744 -0.1625
-0.0294 0.1047 -0.1006 0.8822 0.7193 -0.1525 -0.9356 -0.3184
-0.036 0.1073 -0.0958 0.8822 0.7449 -0.6794 -0.7311 0.0631
-0.0294 0.1047 -0.1006 0.8822 0.7193 -0.1525 -0.9356 -0.3184
-0.021 0.1065 -0.1008 0.8822 0.7193 0.5129 -0.7881 -0.3404
-0.0351 0.1156 -0.0866 0.8822 0.7962 -0.6045 -0.0674 0.7938
-0.037 0.1128 -0.0892 0.8822 0.7809 -0.7591 -0.2943 0.5806
-0.0374 0.1098 -0.0925 0.8822 0.7629 -0.7854 -0.5274 0.324
-0.0277 0.1194 -0.0843 0.8822 0.81 -0.0202 0.236 0.9716
-0.0318 0.118 -0.0848 0.8822 0.8064 -0.345 0.1188 0.9311
-0.0351 0.1156 -0.0866 0.8822 0.7962 -0.6045 -0.0674 0.7938
-0.0277 0.1194 -0.0843 0.8822 0.81 -0.0202 0.236 0.9716
-0.0351 0.1156 -0.0866 0.8822 0.7962 -0.6045 -0.0674 0.7938
-0.0374 0.1098 -0.0925 0.8822 0.7629 -0.7854 -0.5274 0.324
-0.0277 0.1194 -0.0843 0.8822 0.81 -0.0202 0.236 0.9716
-0.0374 0.1098 -0.0925 0.8822 0.7629 -0.7854 -0.5274 0.324
-0.036 0.1073 -0.0958 0.8822 0.7449 -0.6794 -0.7311 0.0631
-0.0196 0.1191 -0.0871 0.8822 0.7962 0.625 0.2051 0.7532
-0.0234 0.1198 -0.0851 0.8822 0.8064 0.3204 0.2663 0.9091
-0.0277 0.1194 -0.0843 0.8822 0.81 -0.0202 0.236 0.9716
-0.0168 0.1173 -0.0899 0.8822 0.7809 0.8472 0.0617 0.5276
-0.0196 0.1191 -0.0871 0.8822 0.7962 0.625 0.2051 0.7532
-0.0277 0.1194 -0.0843 0.8822 0.81 -0.0202 0.236 0.9716
-0.0168 0.1173 -0.0899 0.8822 0.7809 0.8472 0.0617 0.5276
-0.0277 0.1194 -0.0843 0.8822 0.81 -0.0202 0.236 0.9716
-0.036 0.1073 -0.0958 0.8822 0.7449 -0.6794 -0.7311 0.0631
-0.0168 0.1173 -0.0899 0.8822 0.7809 0.8472 0.0617 0.5276
-0.036 0.1073 -0.0958 0.8822 0.7449 -0.6794 -0.7311 0.0631
-0.021 0.1065 -0.1008 0.8822 0.7193 0.5129 -0.7881 -0.3404
-0.0168 0.1173 -0.0899 0.8822 0.7809 0.8472 0.0617 0.5276
-0.021 0.1065 -0.1008 0.8822 0.7193 0.5129 -0.7881 -0.3404
-0.0158 0.1117 -0.0964 0.8822 0.7449 0.927 -0.375 0.0101
-0.0154 0.1147 -0.0932 0.8822 0.7629 0.9533 -0.142 0.2667
-0.0168 0.1173 -0.0899 0.8822 0.7809 0.8472 0.0617 0.5276
-0.0158 0.1117 -0.0964 0.8822 0.7449 0.927 -0.375 0.0101
-0.0287 0.1312 -0.1024 0.9029 0.5729 0.1525 0.9356 0.3184
-0.0268 0.1308 -0.1034 0.8992 0.5729 0.4571 0.8744 0.1625
-0.0254 0.1299 -0.1048 0.8954 0.5729 0.6794 0.7311 -0.0631
-0.0329 0.1303 -0.1023 0.9104 0.5729 -0.5129 0.7881 0.3404
-0.0309 0.131 -0.102 0.9067 0.5729 -0.1881 0.9053 0.3809
-0.0287 0.1312 -0.1024 0.9029 0.5729 0.1525 0.9356 0.3184
-0.0329 0.1303 -0.1023 0.9104 0.5729 -0.5129 0.7881 0.3404
-0.0287 0.1312 -0.1024 0.9029 0.5729 0.1525 0.9356 0.3184
-0.0254 0.1299 -0.1048 0.8954 0.5729 0.6794 0.7311 -0.0631
-0.0355 0.1277 -0.1045 0.9179 0.5729 -0.927 0.375 -0.0101
-0.0345 0.1291 -0.1031 0.9142 0.5729 -0.7723 0.6019 0.2031
-0.0329 0.1303 -0.1023 0.9104 0.5729 -0.5129 0.7881 0.3404
-0.0355 0.1277 -0.1045 0.9179 0.5729 -0.927 0.375 -0.0101
-0.0329 0.1303 -0.1023 0.9104 0.5729 -0.5129 0.7881 0.3404
-0.0254 0.1299 -0.1048 0.8954 0.5729 0.6794 0.7311 -0.0631
-0.035 0.125 -0.1077 0.9254 0.5729 -0.8472 -0.0617 -0.5276
-0.0357 0.1262 -0.1061 0.9217 0.5729 -0.9533 0.142 -0.2667
-0.0355 0.1277 -0.1045 0.9179 0.5729 -0.927 0.375 -0.0101
-0.035 0.125 -0.1077 0.9254 0.5729 -0.8472 -0.0617 -0.5276
-0.0355 0.1277 -0.1045 0.9179 0.5729 -0.927 0.375 -0.0101
-0.0254 0.1299 -0.1048 0.8954 0.5729 0.6794 0.7311 -0.0631
-0.035 0.125 -0.1077 0.9254 0.5729 -0.8472 -0.0617 -0.5276
-0.0254 0.1299 -0.1048 0.8954 0.5729 0.6794 0.7311 -0.0631
-0.0248 0.1287 -0.1064 0.8917 0.5729 0.7854 0.5274 -0.324
-0.0336 0.1241 -0.1091 0.9292 0.5729 -0.625 -0.2051 -0.7532
-0.035 0.125 -0.1077 0.9254 0.5729 -0.8472 -0.0617 -0.5276
-0.0248 0.1287 -0.1064 0.8917 0.5729 0.7854 0.5274 -0.324
-0.0275 0.1246 -0.1102 0.9404 0.5729 0.345 -0.1188 -0.9311
-0.0296 0.1239 -0.1105 0.9367 0.5729 0.0202 -0.236 -0.9716
-0.0317 0.1237 -0.1101 0.9329 0.5729 -0.3204 -0.2663 -0.9091
-0.0275 0.1246 -0.1102 0.9404 0.5729 0.345 -0.1188 -0.9311
-0.0317 0.1237 -0.1101 0.9329 0.5729 -0.3204 -0.2663 -0.9091
-0.0336 0.1241 -0.1091 0.9292 0.5729 -0.625 -0.2051 -0.7532
-0.0259 0.1258 -0.1094 0.8842 0.5729 0.6045 0.0674 -0.7938
-0.0275 0.1246 -0.1102 0.9404 0.5729 0.345 -0.1188 -0.9311
-0.0336 0.1241 -0.1091 0.9292 0.5729 -0.625 -0.2051 -0.7532
-0.0259 0.1258 -0.1094 0.8842 0.5729 0.6045 0.0674 -0.7938
-0.0336 0.1241 -0.1091 0.9292 0.5729 -0.625 -0.2051 -0.7532
-0.0248 0.1287 -0.1064 0.8917 0.5729 0.7854 0.5274 -0.324
-0.0249 0.1272 -0.108 0.8879 0.5729 0.7591 0.2943 -0.5806
-0.0259 0.1258 -0.1094 0.8842 0.5729 0.6045 0.0674 -0.7938
-0.0248 0.1287 -0.1064 0.8917 0.5729 0.7854 0.5274 -0.324
-0.0248 0.1287 -0.1064 0.9516 0.5729 0.7854 0.5274 -0.324
-0.0254 0.1299 -0.1048 0.9554 0.5729 0.6794 0.7311 -0.0631
0.0018 0.0213 -0.0089 0.9554 0.6672 0.8472 0.0617 0.5276
0.0018 0.0213 -0.0089 0.9554 0.6672 0.8472 0.0617 0.5276
0.0025 0.02 -0.0106 0.9516 0.6672 0.9533 -0.142 0.2667
-0.0248 0.1287 -0.1064 0.9516 0.5729 0.7854 0.5274 -0.324
-0.0249 0.1272 -0.108 0.9479 0.5729 0.7591 0.2943 -0.5806
-0.0248 0.1287 -0.1064 0.9516 0.5729 0.7854 0.5274 -0.324
0.0025 0.02 -0.0106 0.9516 0.6672 0.9533 -0.142 0.2667
0.0025 0.02 -0.0106 0.9516 0.6672 0.9533 -0.142 0.2667
0.0023 0.0186 -0.0122 0.9479 0.6672 0.927 -0.375 0.0101
-0.0249 0.1272 -0.108 0.9479 0.5729 0.7591 0.2943 -0.5806
-0.0249 0.1272 -0.108 0.9479 0.5729 0.7591 0.2943 -0.5806
0.0023 0.0186 -0.0122 0.9479 0.6672 0.927 -0.375 0.0101
0.0014 0.0171 -0.0135 0.9442 0.6672 0.7723 -0.6019 -0.2031
0.0014 0.0171 -0.0135 0.9442 0.6672 0.7723 -0.6019 -0.2031
-0.0259 0.1258 -0.1094 0.9442 0.5729 0.6045 0.0674 -0.7938
-0.0249 0.1272 -0.108 0.9479 0.5729 0.7591 0.2943 -0.5806
-0.0259 0.1258 -0.1094 0.9442 0.5729 0.6045 0.0674 -0.7938
0.0014 0.0171 -0.0135 0.9442 0.6672 0.7723 -0.6019 -0.2031
-0.0003 0.016 -0.0144 0.9404 0.6672 0.5129 -0.7881 -0.3404
-0.0003 0.016 -0.0144 0.9404 0.6672 0.5129 -0.7881 -0.3404
-0.0275 0.1246 -0.1102 0.9404 0.5729 0.345 -0.1188 -0.9311
-0.0259 0.1258 -0.1094 0.9442 0.5729 0.6045 0.0674 -0.7938
-0.0296 0.1239 -0.1105 0.9367 0.5729 0.0202 -0.236 -0.9716
-0.0275 0.1246 -0.1102 0.9404 0.5729 0.345 -0.1188 -0.9311
-0.0003 0.016 -0.0144 0.9404 0.6672 0.5129 -0.7881 -0.3404
-0.0003 0.016 -0.0144 0.9404 0.6672 0.5129 -0.7881 -0.3404
-0.0023 0.0152 -0.0146 0.9367 0.6672 0.1881 -0.9053 -0.3809
-0.0296 0.1239 -0.1105 0.9367 0.5729 0.0202 -0.236 -0.9716
-0.0317 0.1237 -0.1101 0.9329 0.5729 -0.3204 -0.2663 -0.9091
-0.0296 0.1239 -0.1105 0.9367 0.5729 0.0202 -0.236 -0.9716
-0.0023 0.0152 -0.0146 0.9367 0.6672 0.1881 -0.9053 -0.3809
-0.0023 0.0152 -0.0146 0.9367 0.6672 0.1881 -0.9053 -0.3809
-0.0045 0.015 -0.0142 0.9329 0.6672 -0.1525 -0.9356 -0.3184
-0.0317 0.1237 -0.1101 0.9329 0.5729 -0.3204 -0.2663 -0.9091
-0.0045 0.015 -0.0142 0.9329 0.6672 -0.1525 -0.9356 -0.3184
-0.0064 0.0154 -0.0132 0.9292 0.6672 -0.4571 -0.8744 -0.1625
-0.0336 0.1241 -0.1091 0.9292 0.5729 -0.625 -0.2051 -0.7532
-0.0336 0.1241 -0.1091 0.9292 0.5729 -0.625 -0.2051 -0.7532
-0.0317 0.1237 -0.1101 0.9329 0.5729 -0.3204 -0.2663 -0.9091
-0.0045 0.015 -0.0142 0.9329 0.6672 -0.1525 -0.9356 -0.3184
-0.0078 0.0163 -0.0118 0.9254 0.6672 -0.6794 -0.7311 0.0631
-0.035 0.125 -0.1077 0.9254 0.5729 -0.8472 -0.0617 -0.5276
-0.0336 0.1241 -0.1091 0.9292 0.5729 -0.625 -0.2051 -0.7532
-0.0336 0.1241 -0.1091 0.9292 0.5729 -0.625 -0.2051 -0.7532
-0.0064 0.0154 -0.0132 0.9292 0.6672 -0.4571 -0.8744 -0.1625
-0.0078 0.0163 -0.0118 0.9254 0.6672 -0.6794 -0.7311 0.0631
-0.0084 0.0176 -0.0102 0.9217 0.6672 -0.7854 -0.5274 0.324
-0.0357 0.1262 -0.1061 0.9217 0.5729 -0.9533 0.142 -0.2667
-0.035 0.125 -0.1077 0.9254 0.5729 -0.8472 -0.0617 -0.5276
-0.035 0.125 -0.1077 0.9254 0.5729 -0.8472 -0.0617 -0.5276
-0.0078 0.0163 -0.0118 0.9254 0.6672 -0.6794 -0.7311 0.0631
-0.0084 0.0176 -0.0102 0.9217 0.6672 -0.7854 -0.5274 0.324
-0.0357 0.1262 -0.1061 0.9217 0.5729 -0.9533 0.142 -0.2667
-0.0084 0.0176 -0.0102 0.9217 0.6672 -0.7854 -0.5274 0.324
-0.0083 0.0191 -0.0086 0.9179 0.6672 -0.7591 -0.2943 0.5806
-0.0083 0.0191 -0.0086 0.9179 0.6672 -0.7591 -0.2943 0.5806
-0.0355 0.1277 -0.1045 0.9179 0.5729 -0.927 0.375 -0.0101
-0.0357 0.1262 -0.1061 0.9217 0.5729 -0.9533 0.142 -0.2667
-0.0355 0.1277 -0.1045 0.9179 0.5729 -0.927 0.375 -0.0101
-0.0083 0.0191 -0.0086 0.9179 0.6672 -0.7591 -0.2943 0.5806
-0.0073 0.0205 -0.0072 0.9142 0.6672 -0.6045 -0.0674 0.7938
-0.0073 0.0205 -0.0072 0.9142 0.6672 -0.6045 -0.0674 0.7938
-0.0345 0.1291 -0.1031 0.9142 0.5729 -0.7723 0.6019 0.2031
-0.0355 0.1277 -0.1045 0.9179 0.5729 -0.927 0.375 -0.0101
-0.0345 0.1291 -0.1031 0.9142 0.5729 -0.7723 0.6019 0.2031
-0.0073 0.0205 -0.0072 0.9142 0.6672 -0.6045 -0.0674 0.7938
-0.0057 0.0217 -0.0064 0.9104 0.6672 -0.345 0.1188 0.9311
-0.0057 0.0217 -0.0064 0.9104 0.6672 -0.345 0.1188 0.9311
-0.0329 0.1303 -0.1023 0.9104 0.5729 -0.5129 0.7881 0.3404
-0.0345 0.1291 -0.1031 0.9142 0.5729 -0.7723 0.6019 0.2031
-0.0329 0.1303 -0.1023 0.9104 0.5729 -0.5129 0.7881 0.3404
-0.0057 0.0217 -0.0064 0.9104 0.6672 -0.345 0.1188 0.9311
-0.0036 0.0224 -0.0061 0.9067 0.6672 -0.0202 0.236 0.9716
-0.0036 0.0224 -0.0061 0.9067 0.6672 -0.0202 0.236 0.9716
-0.0309 0.131 -0.102 0.9067 0.5729 -0.1881 0.9053 0.3809
-0.0329 0.1303 -0.1023 0.9104 0.5729 -0.5129 0.7881 0.3404
-0.0309 0.131 -0.102 0.9666 0.5729 -0.1881 0.9053 0.3809
-0.0036 0.0224 -0.0061 0.9666 0.6672 -0.0202 0.236 0.9716
-0.0015 0.0226 -0.0065 0.9629 0.6672 0.3204 0.2663 0.9091
-0.0015 0.0226 -0.0065 0.9629 0.6672 0.3204 0.2663 0.9091
-0.0287 0.1312 -0.1024 0.9629 0.5729 0.1525 0.9356 0.3184
-0.0309 0.131 -0.102 0.9666 0.5729 -0.1881 0.9053 0.3809
-0.0287 0.1312 -0.1024 0.9629 0.5729 0.1525 0.9356 0.3184
-0.0015 0.0226 -0.0065 0.9629 0.6672 0.3204 0.2663 0.9091
0.0004 0.0222 -0.0075 0.9591 0.6672 0.625 0.2051 0.7532
0.0004 0.0222 -0.0075 0.9591 0.6672 0.625 0.2051 0.7532
-0.0268 0.1308 -0.1034 0.9591 0.5729 0.4571 0.8744 0.1625
-0.0287 0.1312 -0.1024 0.9629 0.5729 0.1525 0.9356 0.3184
-0.0268 0.1308 -0.1034 0.9591 0.5729 0.4571 0.8744 0.1625
0.0004 0.0222 -0.0075 0.9591 0.6672 0.625 0.2051 0.7532
0.0018 0.0213 -0.0089 0.9554 0.6672 0.8472 0.0617 0.5276
0.0018 0.0213 -0.0089 0.9554 0.6672 0.8472 0.0617 0.5276
-0.0254 0.1299 -0.1048 0.9554 0.5729 0.6794 0.7311 -0.0631
-0.0268 0.1308 -0.1034 0.9591 0.5729 0.4571 0.8744 0.1625
-0.0003 0.016 -0.0144 0.9404 0.6672 0.5129 -0.7881 -0.3404
0.0014 0.0171 -0.0135 0.8842 0.6672 0.7723 -0.6019 -0.2031
0.0023 0.0186 -0.0122 0.8879 0.6672 0.927 -0.375 0.0101
-0.0045 0.015 -0.0142 0.9329 0.6672 -0.1525 -0.9356 -0.3184
-0.0023 0.0152 -0.0146 0.9367 0.6672 0.1881 -0.9053 -0.3809
-0.0003 0.016 -0.0144 0.9404 0.6672 0.5129 -0.7881 -0.3404
-0.0078 0.0163 -0.0118 0.9254 0.6672 -0.6794 -0.7311 0.0631
-0.0064 0.0154 -0.0132 0.9292 0.6672 -0.4571 -0.8744 -0.1625
-0.0045 0.015 -0.0142 0.9329 0.6672 -0.1525 -0.9356 -0.3184
-0.0078 0.0163 -0.0118 0.9254 0.6672 -0.6794 -0.7311 0.0631
-0.0045 0.015 -0.0142 0.9329 0.6672 -0.1525 -0.9356 -0.3184
-0.0003 0.016 -0.0144 0.9404 0.6672 0.5129 -0.7881 -0.3404
-0.0073 0.0205 -0.0072 0.9142 0.6672 -0.6045 -0.0674 0.7938
-0.0083 0.0191 -0.0086 0.9179 0.6672 -0.7591 -0.2943 0.5806
-0.0084 0.0176 -0.0102 0.9217 0.6672 -0.7854 -0.5274 0.324
-0.0036 0.0224 -0.0061 0.9067 0.6672 -0.0202 0.236 0.9716
-0.0057 0.0217 -0.0064 0.9104 0.6672 -0.345 0.1188 0.9311
-0.0073 0.0205 -0.0072 0.9142 0.6672 -0.6045 -0.0674 0.7938
-0.0036 0.0224 -0.0061 0.9067 0.6672 -0.0202 0.236 0.9716
-0.0073 0.0205 -0.0072 0.9142 0.6672 -0.6045 -0.0674 0.7938
-0.0084 0.0176 -0.0102 0.9217 0.6672 -0.7854 -0.5274 0.324
-0.0036 0.0224 -0.0061 0.9067 0.6672 -0.0202 0.236 0.9716
-0.0084 0.0176 -0.0102 0.9217 0.6672 -0.7854 -0.5274 0.324
-0.0078 0.0163 -0.0118 0.9254 0.6672 -0.6794 -0.7311 0.0631
0.0004 0.0222 -0.0075 0.8992 0.6672 0.625 0.2051 0.7532
-0.0015 0.0226 -0.0065 0.9029 0.6672 0.3204 0.2663 0.9091
-0.0036 0.0224 -0.0061 0.9067 0.6672 -0.0202 0.236 0.9716
0.0018 0.0213 -0.0089 0.8954 0.6672 0.8472 0.0617 0.5276
0.0004 0.0222 -0.0075 0.8992 0.6672 0.625 0.2051 0.7532
-0.0036 0.0224 -0.0061 0.9067 0.6672 -0.0202 0.236 0.9716
0.0018 0.0213 -0.0089 0.8954 0.6672 0.8472 0.0617 0.5276
-0.0036 0.0224 -0.0061 0.9067 0.6672 -0.0202 0.236 0.9716
-0.0078 0.0163 -0.0118 0.9254 0.6672 -0.6794 -0.7311 0.0631
0.0018 0.0213 -0.0089 0.8954 0.6672 0.8472 0.0617 0.5276
-0.0078 0.0163 -0.0118 0.9254 0.6672 -0.6794 -0.7311 0.0631
-0.0003 0.016 -0.0144 0.9404 0.6672 0.5129 -0.7881 -0.3404
0.0018 0.0213 -0.0089 0.8954 0.6672 0.8472 0.0617 0.5276
-0.0003 0.016 -0.0144 0.9404 0.6672 0.5129 -0.7881 -0.3404
0.0023 0.0186 -0.0122 0.8879 0.6672 0.927 -0.375 0.0101
0.0025 0.02 -0.0106 0.8917 0.6672 0.9533 -0.142 0.2667
0.0018 0.0213 -0.0089 0.8954 0.6672 0.8472 0.0617 0.5276
0.0023 0.0186 -0.0122 0.8879 0.6672 0.927 -0.375 0.0101
0.1156 0.0861 -0.0488 0.996 0.2184 0.9931 0.0655 0.0977
0.1 0.1161 -0.0103 0.985 0.2958 0.8764 0.2896 0.3847
0.0557 0.0596 0.0002 0.9235 0.2603 0.4982 -0.5109 0.7006
0.0557 0.0596 0.0002 0.9235 0.2603 0.4982 -0.5109 0.7006
0.0642 0.0433 -0.0207 0.9295 0.2184 0.5437 -0.5983 0.5886
0.1156 0.0861 -0.0488 0.996 0.2184 0.9931 0.0655 0.0977
0.1127 0.0881 -0.0511 0.9934 0.2184 0.0054 0.7646 -0.6444
0.1156 0.0861 -0.0488 0.996 0.2184 0.9931 0.0655 0.0977
0.1118 0.0517 -0.0867 0.985 0.141 0.9641 -0.1908 -0.1846
0.1118 0.0517 -0.0867 0.985 0.141 0.9641 -0.1908 -0.1846
0.1089 0.0543 -0.0883 0.9826 0.1424 -0.0002 0.7146 -0.6996
0.1127 0.0881 -0.0511 0.9934 0.2184 0.0054 0.7646 -0.6444
0.1118 0.0517 -0.0867 0.985 0.141 0.9641 -0.1908 -0.1846
0.1156 0.0861 -0.0488 0.996 0.2184 0.9931 0.0655 0.0977
0.0642 0.0433 -0.0207 0.9295 0.2184 0.5437 -0.5983 0.5886
0.0642 0.0433 -0.0207 0.9295 0.2184 0.5437 -0.5983 0.5886
0.0621 0.0247 -0.0412 0.9235 0.1765 0.5324 -0.6982 0.4785
0.1118 0.0517 -0.0867 0.985 0.141 0.9641 -0.1908 -0.1846
0.0865 0.0215 -0.1192 0.9517 0.078 -0.0334 0.6658 -0.7454
0.1089 0.0543 -0.0883 0.9826 0.1424 -0.0002 0.7146 -0.6996
0.1118 0.0517 -0.0867 0.985 0.141 0.9641 -0.1908 -0.1846
0.1118 0.0517 -0.0867 0.985 0.141 0.9641 -0.1908 -0.1846
0.0889 0.0182 -0.1182 0.9535 0.0754 0.794 -0.4404 -0.4191
0.0865 0.0215 -0.1192 0.9517 0.078 -0.0334 0.6658 -0.7454
0.1118 0.0517 -0.0867 0.985 0.141 0.9641 -0.1908 -0.1846
0.0621 0.0247 -0.0412 0.9235 0.1765 0.5324 -0.6982 0.4785
0.0498 0.0065 -0.0582 0.9065 0.141 0.4661 -0.7956 0.3871
0.0498 0.0065 -0.0582 0.9065 0.141 0.4661 -0.7956 0.3871
0.0889 0.0182 -0.1182 0.9535 0.0754 0.794 -0.4404 -0.4191
0.1118 0.0517 -0.0867 0.985 0.141 0.9641 -0.1908 -0.1846
0.0488 -0.0055 -0.1391 0.9055 0.0349 -0.0892 0.6258 -0.7749
0.0865 0.0215 -0.1192 0.9517 0.078 -0.0334 0.6658 -0.7454
0.0889 0.0182 -0.1182 0.9535 0.0754 0.794 -0.4404 -0.4191
0.0889 0.0182 -0.1182 0.9535 0.0754 0.794 -0.4404 -0.4191
0.0506 -0.0093 -0.1385 0.9065 0.0316 0.5086 -0.6453 -0.5701
0.0488 -0.0055 -0.1391 0.9055 0.0349 -0.0892 0.6258 -0.7749
0.0889 0.0182 -0.1182 0.9535 0.0754 0.794 -0.4404 -0.4191
0.0498 0.0065 -0.0582 0.9065 0.141 0.4661 -0.7956 0.3871
0.029 -0.0083 -0.0692 0.881 0.1173 0.3548 -0.8755 0.3282
0.029 -0.0083 -0.0692 0.881 0.1173 0.3548 -0.8755 0.3282
0.0506 -0.0093 -0.1385 0.9065 0.0316 0.5086 -0.6453 -0.5701
0.0889 0.0182 -0.1182 0.9535 0.0754 0.794 -0.4404 -0.4191
0.0506 -0.0093 -0.1385 0.9065 0.0316 0.5086 -0.6453 -0.5701
0.0027 -0.0266 -0.1444 0.8509 0.0162 0.1513 -0.7742 -0.6146
0.0018 -0.0225 -0.1449 0.8509 0.0198 -0.159 0.6006 -0.7836
0.0018 -0.0225 -0.1449 0.8509 0.0198 -0.159 0.6006 -0.7836
0.0488 -0.0055 -0.1391 0.9055 0.0349 -0.0892 0.6258 -0.7749
0.0506 -0.0093 -0.1385 0.9065 0.0316 0.5086 -0.6453 -0.5701
0.0027 -0.0266 -0.1444 0.8509 0.0162 0.1513 -0.7742 -0.6146
0.0506 -0.0093 -0.1385 0.9065 0.0316 0.5086 -0.6453 -0.5701
0.029 -0.0083 -0.0692 0.881 0.1173 0.3548 -0.8755 0.3282
0.029 -0.0083 -0.0692 0.881 0.1173 0.3548 -0.8755 0.3282
0.0031 -0.0177 -0.0724 0.8509 0.109 0.2155 -0.9257 0.3108
0.0027 -0.0266 -0.1444 0.8509 0.0162 0.1513 -0.7742 -0.6146
0.0018 -0.0225 -0.1449 0.8509 0.0198 -0.159 0.6006 -0.7836
0.0027 -0.0266 -0.1444 0.8509 0.0162 0.1513 -0.7742 -0.6146
-0.0476 -0.0311 -0.1352 0.7954 0.0316 -0.2234 -0.8075 -0.5459
-0.0476 -0.0311 -0.1352 0.7954 0.0316 -0.2234 -0.8075 -0.5459
-0.0476 -0.0269 -0.1359 0.7964 0.0349 -0.2322 0.5941 -0.7701
0.0018 -0.0225 -0.1449 0.8509 0.0198 -0.159 0.6006 -0.7836
-0.0476 -0.0311 -0.1352 0.7954 0.0316 -0.2234 -0.8075 -0.5459
0.0027 -0.0266 -0.1444 0.8509 0.0162 0.1513 -0.7742 -0.6146
0.0031 -0.0177 -0.0724 0.8509 0.109 0.2155 -0.9257 0.3108
0.0031 -0.0177 -0.0724 0.8509 0.109 0.2155 -0.9257 0.3108
-0.0241 -0.0201 -0.0674 0.8209 0.1173 0.0693 -0.9387 0.3376
-0.0476 -0.0311 -0.1352 0.7954 0.0316 -0.2234 -0.8075 -0.5459
-0.0476 -0.0269 -0.1359 0.7964 0.0349 -0.2322 0.5941 -0.7701
-0.0476 -0.0311 -0.1352 0.7954 0.0316 -0.2234 -0.8075 -0.5459
-0.0926 -0.0221 -0.1122 0.7483 0.0754 -0.5585 -0.7402 -0.3745
-0.0926 -0.0221 -0.1122 0.7483 0.0754 -0.5585 -0.7402 -0.3745
-0.0918 -0.0181 -0.1133 0.7501 0.078 -0.2976 0.6073 -0.7367
-0.0476 -0.0269 -0.1359 0.7964 0.0349 -0.2322 0.5941 -0.7701
-0.0241 -0.0201 -0.0674 0.8209 0.1173 0.0693 -0.9387 0.3376
-0.0485 -0.0152 -0.055 0.7954 0.141 -0.0613 -0.9125 0.4045
-0.0926 -0.0221 -0.1122 0.7483 0.0754 -0.5585 -0.7402 -0.3745
-0.0926 -0.0221 -0.1122 0.7483 0.0754 -0.5585 -0.7402 -0.3745
-0.0476 -0.0311 -0.1352 0.7954 0.0316 -0.2234 -0.8075 -0.5459
-0.0241 -0.0201 -0.0674 0.8209 0.1173 0.0693 -0.9387 0.3376
-0.1254 -0.0009 -0.0789 0.7169 0.141 -0.803 -0.5825 -0.1263
-0.124 0.0027 -0.0806 0.7193 0.1424 -0.3454 0.6381 -0.6882
-0.0918 -0.0181 -0.1133 0.7501 0.078 -0.2976 0.6073 -0.7367
-0.0918 -0.0181 -0.1133 0.7501 0.078 -0.2976 0.6073 -0.7367
-0.0926 -0.0221 -0.1122 0.7483 0.0754 -0.5585 -0.7402 -0.3745
-0.1254 -0.0009 -0.0789 0.7169 0.141 -0.803 -0.5825 -0.1263
-0.0662 -0.0038 -0.0369 0.7784 0.1765 -0.1567 -0.851 0.5013
-0.1254 -0.0009 -0.0789 0.7169 0.141 -0.803 -0.5825 -0.1263
-0.0926 -0.0221 -0.1122 0.7483 0.0754 -0.5585 -0.7402 -0.3745
-0.0926 -0.0221 -0.1122 0.7483 0.0754 -0.5585 -0.7402 -0.3745
-0.0485 -0.0152 -0.055 0.7954 0.141 -0.0613 -0.9125 0.4045
-0.0662 -0.0038 -0.0369 0.7784 0.1765 -0.1567 -0.851 0.5013
-0.141 0.0292 -0.0404 0.7058 0.2184 -0.9196 -0.3584 0.1608
-0.1394 0.0323 -0.0427 0.7084 0.2184 -0.3682 0.6818 -0.6321
-0.124 0.0027 -0.0806 0.7193 0.1424 -0.3454 0.6381 -0.6882
-0.124 0.0027 -0.0806 0.7193 0.1424 -0.3454 0.6381 -0.6882
-0.1254 -0.0009 -0.0789 0.7169 0.141 -0.803 -0.5825 -0.1263
-0.141 0.0292 -0.0404 0.7058 0.2184 -0.9196 -0.3584 0.1608
-0.0747 0.0125 -0.0161 0.7724 0.2184 -0.2022 -0.7636 0.6132
-0.141 0.0292 -0.0404 0.7058 0.2184 -0.9196 -0.3584 0.1608
-0.1254 -0.0009 -0.0789 0.7169 0.141 -0.803 -0.5825 -0.1263
-0.1254 -0.0009 -0.0789 0.7169 0.141 -0.803 -0.5825 -0.1263
-0.0662 -0.0038 -0.0369 0.7784 0.1765 -0.1567 -0.851 0.5013
-0.0747 0.0125 -0.0161 0.7724 0.2184 -0.2022 -0.7636 0.6132
-0.1372 0.0636 -0.0025 0.7169 0.2958 -0.8907 -0.1021 0.443
-0.1356 0.066 -0.0055 0.7193 0.2944 -0.3625 0.7319 -0.577
-0.1394 0.0323 -0.0427 0.7084 0.2184 -0.3682 0.6818 -0.6321
-0.1394 0.0323 -0.0427 0.7084 0.2184 -0.3682 0.6818 -0.6321
-0.141 0.0292 -0.0404 0.7058 0.2184 -0.9196 -0.3584 0.1608
-0.1372 0.0636 -0.0025 0.7169 0.2958 -0.8907 -0.1021 0.443
-0.141 0.0292 -0.0404 0.7058 0.2184 -0.9196 -0.3584 0.1608
-0.0747 0.0125 -0.0161 0.7724 0.2184 -0.2022 -0.7636 0.6132
-0.0726 0.0311 0.0044 0.7784 0.2603 -0.1909 -0.6636 0.7233
-0.0726 0.0311 0.0044 0.7784 0.2603 -0.1909 -0.6636 0.7233
-0.1372 0.0636 -0.0025 0.7169 0.2958 -0.8907 -0.1021 0.443
-0.141 0.0292 -0.0404 0.7058 0.2184 -0.9196 -0.3584 0.1608
-0.1143 0.0971 0.029 0.7483 0.3614 -0.7205 0.1475 0.6775
-0.1132 0.0989 0.0254 0.7501 0.3589 -0.3293 0.7807 -0.5312
-0.1356 0.066 -0.0055 0.7193 0.2944 -0.3625 0.7319 -0.577
-0.1356 0.066 -0.0055 0.7193 0.2944 -0.3625 0.7319 -0.577
-0.1372 0.0636 -0.0025 0.7169 0.2958 -0.8907 -0.1021 0.443
-0.1143 0.0971 0.029 0.7483 0.3614 -0.7205 0.1475 0.6775
-0.1372 0.0636 -0.0025 0.7169 0.2958 -0.8907 -0.1021 0.443
-0.0726 0.0311 0.0044 0.7784 0.2603 -0.1909 -0.6636 0.7233
-0.0602 0.0492 0.0214 0.7954 0.2958 -0.1246 -0.5663 0.8147
-0.0602 0.0492 0.0214 0.7954 0.2958 -0.1246 -0.5663 0.8147
-0.1143 0.0971 0.029 0.7483 0.3614 -0.7205 0.1475 0.6775
-0.1372 0.0636 -0.0025 0.7169 0.2958 -0.8907 -0.1021 0.443
-0.076 0.1245 0.0492 0.7954 0.4053 -0.4351 0.3524 0.8285
-0.0755 0.1259 0.0453 0.7964 0.4019 -0.2735 0.8207 -0.5017
-0.1132 0.0989 0.0254 0.7501 0.3589 -0.3293 0.7807 -0.5312
-0.1132 0.0989 0.0254 0.7501 0.3589 -0.3293 0.7807 -0.5312
-0.1143 0.0971 0.029 0.7483 0.3614 -0.7205 0.1475 0.6775
-0.076 0.1245 0.0492 0.7954 0.4053 -0.4351 0.3524 0.8285
-0.1143 0.0971 0.029 0.7483 0.3614 -0.7205 0.1475 0.6775
-0.0602 0.0492 0.0214 0.7954 0.2958 -0.1246 -0.5663 0.8147
-0.0395 0.0641 0.0324 0.8209 0.3195 -0.0132 -0.4864 0.8736
-0.0395 0.0641 0.0324 0.8209 0.3195 -0.0132 -0.4864 0.8736
-0.076 0.1245 0.0492 0.7954 0.4053 -0.4351 0.3524 0.8285
-0.1143 0.0971 0.029 0.7483 0.3614 -0.7205 0.1475 0.6775
-0.0281 0.1418 0.0552 0.8509 0.4207 -0.0779 0.4813 0.8731
-0.0284 0.1429 0.0511 0.8509 0.4171 -0.2038 0.8459 -0.4929
-0.0755 0.1259 0.0453 0.7964 0.4019 -0.2735 0.8207 -0.5017
-0.0755 0.1259 0.0453 0.7964 0.4019 -0.2735 0.8207 -0.5017
-0.076 0.1245 0.0492 0.7954 0.4053 -0.4351 0.3524 0.8285
-0.0281 0.1418 0.0552 0.8509 0.4207 -0.0779 0.4813 0.8731
-0.076 0.1245 0.0492 0.7954 0.4053 -0.4351 0.3524 0.8285
-0.0395 0.0641 0.0324 0.8209 0.3195 -0.0132 -0.4864 0.8736
-0.0136 0.0735 0.0356 0.8509 0.3279 0.1261 -0.4361 0.891
-0.0136 0.0735 0.0356 0.8509 0.3279 0.1261 -0.4361 0.891
-0.0281 0.1418 0.0552 0.8509 0.4207 -0.0779 0.4813 0.8731
-0.076 0.1245 0.0492 0.7954 0.4053 -0.4351 0.3524 0.8285
0.0222 0.1463 0.046 0.9065 0.4053 0.2968 0.5146 0.8044
0.0209 0.1473 0.0421 0.9055 0.4019 -0.1306 0.8524 -0.5064
-0.0284 0.1429 0.0511 0.8509 0.4171 -0.2038 0.8459 -0.4929
-0.0284 0.1429 0.0511 0.8509 0.4171 -0.2038 0.8459 -0.4929
-0.0281 0.1418 0.0552 0.8509 0.4207 -0.0779 0.4813 0.8731
0.0222 0.1463 0.046 0.9065 0.4053 0.2968 0.5146 0.8044
-0.0281 0.1418 0.0552 0.8509 0.4207 -0.0779 0.4813 0.8731
-0.0136 0.0735 0.0356 0.8509 0.3279 0.1261 -0.4361 0.891
0.0136 0.0759 0.0306 0.881 0.3195 0.2722 -0.4231 0.8642
0.0136 0.0759 0.0306 0.881 0.3195 0.2722 -0.4231 0.8642
0.0222 0.1463 0.046 0.9065 0.4053 0.2968 0.5146 0.8044
-0.0281 0.1418 0.0552 0.8509 0.4207 -0.0779 0.4813 0.8731
0.0672 0.1373 0.023 0.9535 0.3614 0.6319 0.4473 0.6329
0.0651 0.1385 0.0195 0.9517 0.3589 -0.0651 0.8392 -0.5399
0.0209 0.1473 0.0421 0.9055 0.4019 -0.1306 0.8524 -0.5064
0.0209 0.1473 0.0421 0.9055 0.4019 -0.1306 0.8524 -0.5064
0.0222 0.1463 0.046 0.9065 0.4053 0.2968 0.5146 0.8044
0.0672 0.1373 0.023 0.9535 0.3614 0.6319 0.4473 0.6329
0.0222 0.1463 0.046 0.9065 0.4053 0.2968 0.5146 0.8044
0.0136 0.0759 0.0306 0.881 0.3195 0.2722 -0.4231 0.8642
0.038 0.071 0.0182 0.9065 0.2958 0.4029 -0.4494 0.7973
0.038 0.071 0.0182 0.9065 0.2958 0.4029 -0.4494 0.7973
0.0672 0.1373 0.023 0.9535 0.3614 0.6319 0.4473 0.6329
0.0222 0.1463 0.046 0.9065 0.4053 0.2968 0.5146 0.8044
0.1 0.1161 -0.0103 0.985 0.2958 0.8764 0.2896 0.3847
0.0973 0.1177 -0.0132 0.9826 0.2944 -0.0173 0.8084 -0.5883
0.0651 0.1385 0.0195 0.9517 0.3589 -0.0651 0.8392 -0.5399
0.0651 0.1385 0.0195 0.9517 0.3589 -0.0651 0.8392 -0.5399
0.0672 0.1373 0.023 0.9535 0.3614 0.6319 0.4473 0.6329
0.1 0.1161 -0.0103 0.985 0.2958 0.8764 0.2896 0.3847
0.0672 0.1373 0.023 0.9535 0.3614 0.6319 0.4473 0.6329
0.038 0.071 0.0182 0.9065 0.2958 0.4029 -0.4494 0.7973
0.0557 0.0596 0.0002 0.9235 0.2603 0.4982 -0.5109 0.7006
0.0557 0.0596 0.0002 0.9235 0.2603 0.4982 -0.5109 0.7006
0.1 0.1161 -0.0103 0.985 0.2958 0.8764 0.2896 0.3847
0.0672 0.1373 0.023 0.9535 0.3614 0.6319 0.4473 0.6329
0.1127 0.0881 -0.0511 0.9934 0.2184 0.0054 0.7646 -0.6444
0.0973 0.1177 -0.0132 0.9826 0.2944 -0.0173 0.8084 -0.5883
0.1 0.1161 -0.0103 0.985 0.2958 0.8764 0.2896 0.3847
0.1 0.1161 -0.0103 0.985 0.2958 0.8764 0.2896 0.3847
0.1156 0.0861 -0.0488 0.996 0.2184 0.9931 0.0655 0.0977
0.1127 0.0881 -0.0511 0.9934 0.2184 0.0054 0.7646 -0.6444
0.0557 0.0596 0.0002 0.9235 0.2603 0.4982 -0.5109 0.7006
-0.0026 0.0175 -0.0092 0.8509 0.2184 0.1848 -0.7369 0.6503
0.0642 0.0433 -0.0207 0.9295 0.2184 0.5437 -0.5983 0.5886
0.0642 0.0433 -0.0207 0.9295 0.2184 0.5437 -0.5983 0.5886
-0.0026 0.0175 -0.0092 0.8509 0.2184 0.1848 -0.7369 0.6503
0.0621 0.0247 -0.0412 0.9235 0.1765 0.5324 -0.6982 0.4785
0.0621 0.0247 -0.0412 0.9235 0.1765 0.5324 -0.6982 0.4785
-0.0026 0.0175 -0.0092 0.8509 0.2184 0.1848 -0.7369 0.6503
0.0498 0.0065 -0.0582 0.9065 0.141 0.4661 -0.7956 0.3871
0.0498 0.0065 -0.0582 0.9065 0.141 0.4661 -0.7956 0.3871
-0.0026 0.0175 -0.0092 0.8509 0.2184 0.1848 -0.7369 0.6503
0.029 -0.0083 -0.0692 0.881 0.1173 0.3548 -0.8755 0.3282
0.029 -0.0083 -0.0692 0.881 0.1173 0.3548 -0.8755 0.3282
-0.0026 0.0175 -0.0092 0.8509 0.2184 0.1848 -0.7369 0.6503
0.0031 -0.0177 -0.0724 0.8509 0.109 0.2155 -0.9257 0.3108
0.0031 -0.0177 -0.0724 0.8509 0.109 0.2155 -0.9257 0.3108
-0.0026 0.0175 -0.0092 0.8509 0.2184 0.1848 -0.7369 0.6503
-0.0241 -0.0201 -0.0674 0.8209 0.1173 0.0693 -0.9387 0.3376
-0.0241 -0.0201 -0.0674 0.8209 0.1173 0.0693 -0.9387 0.3376
-0.0026 0.0175 -0.0092 0.8509 0.2184 0.1848 -0.7369 0.6503
-0.0485 -0.0152 -0.055 0.7954 0.141 -0.0613 -0.9125 0.4045
-0.0485 -0.0152 -0.055 0.7954 0.141 -0.0613 -0.9125 0.4045
-0.0026 0.0175 -0.0092 0.8509 0.2184 0.1848 -0.7369 0.6503
-0.0662 -0.0038 -0.0369 0.7784 0.1765 -0.1567 -0.851 0.5013
-0.0662 -0.0038 -0.0369 0.7784 0.1765 -0.1567 -0.851 0.5013
-0.0026 0.0175 -0.0092 0.8509 0.2184 0.1848 -0.7369 0.6503
-0.0747 0.0125 -0.0161 0.7724 0.2184 -0.2022 -0.7636 0.6132
-0.0747 0.0125 -0.0161 0.7724 0.2184 -0.2022 -0.7636 0.6132
-0.0026 0.0175 -0.0092 0.8509 0.2184 0.1848 -0.7369 0.6503
-0.0726 0.0311 0.0044 0.7784 0.2603 -0.1909 -0.6636 0.7233
-0.0726 0.0311 0.0044 0.7784 0.2603 -0.1909 -0.6636 0.7233
-0.0026 0.0175 -0.0092 0.8509 0.2184 0.1848 -0.7369 0.6503
-0.0602 0.0492 0.0214 0.7954 0.2958 -0.1246 -0.5663 0.8147
-0.0602 0.0492 0.0214 0.7954 0.2958 -0.1246 -0.5663 0.8147
-0.0026 0.0175 -0.0092 0.8509 0.2184 0.1848 -0.7369 0.6503
-0.0395 0.0641 0.0324 0.8209 0.3195 -0.0132 -0.4864 0.8736
-0.0395 0.0641 0.0324 0.8209 0.3195 -0.0132 -0.4864 0.8736
-0.0026 0.0175 -0.0092 0.8509 0.2184 0.1848 -0.7369 0.6503
-0.0136 0.0735 0.0356 0.8509 0.3279 0.1261 -0.4361 0.891
-0.0136 0.0735 0.0356 0.8509 0.3279 0.1261 -0.4361 0.891
-0.0026 0.0175 -0.0092 0.8509 0.2184 0.1848 -0.7369 0.6503
0.0136 0.0759 0.0306 0.881 0.3195 0.2722 -0.4231 0.8642
0.0136 0.0759 0.0306 0.881 0.3195 0.2722 -0.4231 0.8642
-0.0026 0.0175 -0.0092 0.8509 0.2184 0.1848 -0.7369 0.6503
0.038 0.071 0.0182 0.9065 0.2958 0.4029 -0.4494 0.7973
0.038 0.071 0.0182 0.9065 0.2958 0.4029 -0.4494 0.7973
-0.0026 0.0175 -0.0092 0.8509 0.2184 0.1848 -0.7369 0.6503
0.0557 0.0596 0.0002 0.9235 0.2603 0.4982 -0.5109 0.7006
0.0598 0.0277 -0.0432 0.9217 0.1775 -0.5324 0.6982 -0.4785
0.0618 0.0458 -0.0232 0.9276 0.2184 -0.5437 0.5983 -0.5886
0.1127 0.0881 -0.0511 0.9934 0.2184 0.0054 0.7646 -0.6444
0.1127 0.0881 -0.0511 0.9934 0.2184 0.0054 0.7646 -0.6444
0.1089 0.0543 -0.0883 0.9826 0.1424 -0.0002 0.7146 -0.6996
0.0598 0.0277 -0.0432 0.9217 0.1775 -0.5324 0.6982 -0.4785
0.0477 0.01 -0.0598 0.9051 0.1429 -0.4661 0.7956 -0.3871
0.0598 0.0277 -0.0432 0.9217 0.1775 -0.5324 0.6982 -0.4785
0.1089 0.0543 -0.0883 0.9826 0.1424 -0.0002 0.7146 -0.6996
0.1089 0.0543 -0.0883 0.9826 0.1424 -0.0002 0.7146 -0.6996
0.0865 0.0215 -0.1192 0.9517 0.078 -0.0334 0.6658 -0.7454
0.0477 0.01 -0.0598 0.9051 0.1429 -0.4661 0.7956 -0.3871
0.0275 -0.0046 -0.0705 0.8803 0.1197 -0.3548 0.8755 -0.3282
0.0477 0.01 -0.0598 0.9051 0.1429 -0.4661 0.7956 -0.3871
0.0865 0.0215 -0.1192 0.9517 0.078 -0.0334 0.6658 -0.7454
0.0865 0.0215 -0.1192 0.9517 0.078 -0.0334 0.6658 -0.7454
0.0488 -0.0055 -0.1391 0.9055 0.0349 -0.0892 0.6258 -0.7749
0.0275 -0.0046 -0.0705 0.8803 0.1197 -0.3548 0.8755 -0.3282
0.0022 -0.0137 -0.0737 0.8509 0.1116 -0.2155 0.9257 -0.3108
0.0275 -0.0046 -0.0705 0.8803 0.1197 -0.3548 0.8755 -0.3282
0.0488 -0.0055 -0.1391 0.9055 0.0349 -0.0892 0.6258 -0.7749
0.0488 -0.0055 -0.1391 0.9055 0.0349 -0.0892 0.6258 -0.7749
0.0018 -0.0225 -0.1449 0.8509 0.0198 -0.159 0.6006 -0.7836
0.0022 -0.0137 -0.0737 0.8509 0.1116 -0.2155 0.9257 -0.3108
-0.0244 -0.0161 -0.0688 0.8216 0.1197 -0.0693 0.9387 -0.3376
0.0022 -0.0137 -0.0737 0.8509 0.1116 -0.2155 0.9257 -0.3108
0.0018 -0.0225 -0.1449 0.8509 0.0198 -0.159 0.6006 -0.7836
0.0018 -0.0225 -0.1449 0.8509 0.0198 -0.159 0.6006 -0.7836
-0.0476 -0.0269 -0.1359 0.7964 0.0349 -0.2322 0.5941 -0.7701
-0.0244 -0.0161 -0.0688 0.8216 0.1197 -0.0693 0.9387 -0.3376
-0.0482 -0.0113 -0.0567 0.7967 0.1429 0.0613 0.9125 -0.4045
-0.0244 -0.0161 -0.0688 0.8216 0.1197 -0.0693 0.9387 -0.3376
-0.0476 -0.0269 -0.1359 0.7964 0.0349 -0.2322 0.5941 -0.7701
-0.0476 -0.0269 -0.1359 0.7964 0.0349 -0.2322 0.5941 -0.7701
-0.0918 -0.0181 -0.1133 0.7501 0.078 -0.2976 0.6073 -0.7367
-0.0482 -0.0113 -0.0567 0.7967 0.1429 0.0613 0.9125 -0.4045
-0.0918 -0.0181 -0.1133 0.7501 0.078 -0.2976 0.6073 -0.7367
-0.124 0.0027 -0.0806 0.7193 0.1424 -0.3454 0.6381 -0.6882
-0.0655 -0.0001 -0.0391 0.7801 0.1775 0.1567 0.851 -0.5013
-0.0655 -0.0001 -0.0391 0.7801 0.1775 0.1567 0.851 -0.5013
-0.0482 -0.0113 -0.0567 0.7967 0.1429 0.0613 0.9125 -0.4045
-0.0918 -0.0181 -0.1133 0.7501 0.078 -0.2976 0.6073 -0.7367
-0.0655 -0.0001 -0.0391 0.7801 0.1775 0.1567 0.851 -0.5013
-0.124 0.0027 -0.0806 0.7193 0.1424 -0.3454 0.6381 -0.6882
-0.1394 0.0323 -0.0427 0.7084 0.2184 -0.3682 0.6818 -0.6321
-0.1394 0.0323 -0.0427 0.7084 0.2184 -0.3682 0.6818 -0.6321
-0.0738 0.0158 -0.0187 0.7743 0.2184 0.2022 0.7636 -0.6132
-0.0655 -0.0001 -0.0391 0.7801 0.1775 0.1567 0.851 -0.5013
-0.1356 0.066 -0.0055 0.7193 0.2944 -0.3625 0.7319 -0.577
-0.0717 0.034 0.0013 0.7801 0.2593 0.1909 0.6636 -0.7233
-0.0738 0.0158 -0.0187 0.7743 0.2184 0.2022 0.7636 -0.6132
-0.0738 0.0158 -0.0187 0.7743 0.2184 0.2022 0.7636 -0.6132
-0.1394 0.0323 -0.0427 0.7084 0.2184 -0.3682 0.6818 -0.6321
-0.1356 0.066 -0.0055 0.7193 0.2944 -0.3625 0.7319 -0.577
-0.1132 0.0989 0.0254 0.7501 0.3589 -0.3293 0.7807 -0.5312
-0.0597 0.0516 0.0179 0.7967 0.294 0.1246 0.5663 -0.8147
-0.0717 0.034 0.0013 0.7801 0.2593 0.1909 0.6636 -0.7233
-0.0717 0.034 0.0013 0.7801 0.2593 0.1909 0.6636 -0.7233
-0.1356 0.066 -0.0055 0.7193 0.2944 -0.3625 0.7319 -0.577
-0.1132 0.0989 0.0254 0.7501 0.3589 -0.3293 0.7807 -0.5312
-0.0755 0.1259 0.0453 0.7964 0.4019 -0.2735 0.8207 -0.5017
-0.0394 0.0662 0.0286 0.8216 0.3171 0.0132 0.4864 -0.8736
-0.0597 0.0516 0.0179 0.7967 0.294 0.1246 0.5663 -0.8147
-0.0597 0.0516 0.0179 0.7967 0.294 0.1246 0.5663 -0.8147
-0.1132 0.0989 0.0254 0.7501 0.3589 -0.3293 0.7807 -0.5312
-0.0755 0.1259 0.0453 0.7964 0.4019 -0.2735 0.8207 -0.5017
-0.0284 0.1429 0.0511 0.8509 0.4171 -0.2038 0.8459 -0.4929
-0.0141 0.0753 0.0318 0.8509 0.3253 -0.1261 0.4361 -0.891
-0.0394 0.0662 0.0286 0.8216 0.3171 0.0132 0.4864 -0.8736
-0.0394 0.0662 0.0286 0.8216 0.3171 0.0132 0.4864 -0.8736
-0.0755 0.1259 0.0453 0.7964 0.4019 -0.2735 0.8207 -0.5017
-0.0284 0.1429 0.0511 0.8509 0.4171 -0.2038 0.8459 -0.4929
0.0209 0.1473 0.0421 0.9055 0.4019 -0.1306 0.8524 -0.5064
0.0125 0.0777 0.0269 0.8803 0.3171 -0.2722 0.4231 -0.8642
-0.0141 0.0753 0.0318 0.8509 0.3253 -0.1261 0.4361 -0.891
-0.0141 0.0753 0.0318 0.8509 0.3253 -0.1261 0.4361 -0.891
-0.0284 0.1429 0.0511 0.8509 0.4171 -0.2038 0.8459 -0.4929
0.0209 0.1473 0.0421 0.9055 0.4019 -0.1306 0.8524 -0.5064
0.0651 0.1385 0.0195 0.9517 0.3589 -0.0651 0.8392 -0.5399
0.0362 0.0729 0.0147 0.9051 0.294 -0.4029 0.4494 -0.7973
0.0125 0.0777 0.0269 0.8803 0.3171 -0.2722 0.4231 -0.8642
0.0125 0.0777 0.0269 0.8803 0.3171 -0.2722 0.4231 -0.8642
0.0209 0.1473 0.0421 0.9055 0.4019 -0.1306 0.8524 -0.5064
0.0651 0.1385 0.0195 0.9517 0.3589 -0.0651 0.8392 -0.5399
0.0973 0.1177 -0.0132 0.9826 0.2944 -0.0173 0.8084 -0.5883
0.0536 0.0617 -0.0028 0.9217 0.2593 -0.4982 0.5109 -0.7006
0.0362 0.0729 0.0147 0.9051 0.294 -0.4029 0.4494 -0.7973
0.0362 0.0729 0.0147 0.9051 0.294 -0.4029 0.4494 -0.7973
0.0651 0.1385 0.0195 0.9517 0.3589 -0.0651 0.8392 -0.5399
0.0973 0.1177 -0.0132 0.9826 0.2944 -0.0173 0.8084 -0.5883
0.0973 0.1177 -0.0132 0.9826 0.2944 -0.0173 0.8084 -0.5883
0.1127 0.0881 -0.0511 0.9934 0.2184 0.0054 0.7646 -0.6444
0.0618 0.0458 -0.0232 0.9276 0.2184 -0.5437 0.5983 -0.5886
0.0618 0.0458 -0.0232 0.9276 0.2184 -0.5437 0.5983 -0.5886
0.0536 0.0617 -0.0028 0.9217 0.2593 -0.4982 0.5109 -0.7006
0.0973 0.1177 -0.0132 0.9826 0.2944 -0.0173 0.8084 -0.5883
0.0598 0.0277 -0.0432 0.9217 0.1775 -0.5324 0.6982 -0.4785
-0.0034 0.0206 -0.012 0.8509 0.2184 -0.1848 0.7369 -0.6503
0.0618 0.0458 -0.0232 0.9276 0.2184 -0.5437 0.5983 -0.5886
0.0477 0.01 -0.0598 0.9051 0.1429 -0.4661 0.7956 -0.3871
-0.0034 0.0206 -0.012 0.8509 0.2184 -0.1848 0.7369 -0.6503
0.0598 0.0277 -0.0432 0.9217 0.1775 -0.5324 0.6982 -0.4785
0.0275 -0.0046 -0.0705 0.8803 0.1197 -0.3548 0.8755 -0.3282
-0.0034 0.0206 -0.012 0.8509 0.2184 -0.1848 0.7369 -0.6503
0.0477 0.01 -0.0598 0.9051 0.1429 -0.4661 0.7956 -0.3871
0.0022 -0.0137 -0.0737 0.8509 0.1116 -0.2155 0.9257 -0.3108
-0.0034 0.0206 -0.012 0.8509 0.2184 -0.1848 0.7369 -0.6503
0.0275 -0.0046 -0.0705 0.8803 0.1197 -0.3548 0.8755 -0.3282
-0.0244 -0.0161 -0.0688 0.8216 0.1197 -0.0693 0.9387 -0.3376
-0.0034 0.0206 -0.012 0.8509 0.2184 -0.1848 0.7369 -0.6503
0.0022 -0.0137 -0.0737 0.8509 0.1116 -0.2155 0.9257 -0.3108
-0.0482 -0.0113 -0.0567 0.7967 0.1429 0.0613 0.9125 -0.4045
-0.0034 0.0206 -0.012 0.8509 0.2184 -0.1848 0.7369 -0.6503
-0.0244 -0.0161 -0.0688 0.8216 0.1197 -0.0693 0.9387 -0.3376
-0.0655 -0.0001 -0.0391 0.7801 0.1775 0.1567 0.851 -0.5013
-0.0034 0.0206 -0.012 0.8509 0.2184 -0.1848 0.7369 -0.6503
-0.0482 -0.0113 -0.0567 0.7967 0.1429 0.0613 0.9125 -0.4045
-0.0738 0.0158 -0.0187 0.7743 0.2184 0.2022 0.7636 -0.6132
-0.0034 0.0206 -0.012 0.8509 0.2184 -0.1848 0.7369 -0.6503
-0.0655 -0.0001 -0.0391 0.7801 0.1775 0.1567 0.851 -0.5013
-0.0717 0.034 0.0013 0.7801 0.2593 0.1909 0.6636 -0.7233
-0.0034 0.0206 -0.012 0.8509 0.2184 -0.1848 0.7369 -0.6503
-0.0738 0.0158 -0.0187 0.7743 0.2184 0.2022 0.7636 -0.6132
-0.0597 0.0516 0.0179 0.7967 0.294 0.1246 0.5663 -0.8147
-0.0034 0.0206 -0.012 0.8509 0.2184 -0.1848 0.7369 -0.6503
-0.0717 0.034 0.0013 0.7801 0.2593 0.1909 0.6636 -0.7233
-0.0394 0.0662 0.0286 0.8216 0.3171 0.0132 0.4864 -0.8736
-0.0034 0.0206 -0.012 0.8509 0.2184 -0.1848 0.7369 -0.6503
-0.0597 0.0516 0.0179 0.7967 0.294 0.1246 0.5663 -0.8147
-0.0141 0.0753 0.0318 0.8509 0.3253 -0.1261 0.4361 -0.891
-0.0034 0.0206 -0.012 0.8509 0.2184 -0.1848 0.7369 -0.6503
-0.0394 0.0662 0.0286 0.8216 0.3171 0.0132 0.4864 -0.8736
0.0125 0.0777 0.0269 0.8803 0.3171 -0.2722 0.4231 -0.8642
-0.0034 0.0206 -0.012 0.8509 0.2184 -0.1848 0.7369 -0.6503
-0.0141 0.0753 0.0318 0.8509 0.3253 -0.1261 0.4361 -0.891
0.0362 0.0729 0.0147 0.9051 0.294 -0.4029 0.4494 -0.7973
-0.0034 0.0206 -0.012 0.8509 0.2184 -0.1848 0.7369 -0.6503
0.0125 0.0777 0.0269 0.8803 0.3171 -0.2722 0.4231 -0.8642
0.0536 0.0617 -0.0028 0.9217 0.2593 -0.4982 0.5109 -0.7006
-0.0034 0.0206 -0.012 0.8509 0.2184 -0.1848 0.7369 -0.6503
0.0362 0.0729 0.0147 0.9051 0.294 -0.4029 0.4494 -0.7973
0.0618 0.0458 -0.0232 0.9276 0.2184 -0.5437 0.5983 -0.5886
-0.0034 0.0206 -0.012 0.8509 0.2184 -0.1848 0.7369 -0.6503
0.0536 0.0617 -0.0028 0.9217 0.2593 -0.4982 0.5109 -0.7006
-0.0825 -0.058 -0.0791 0.5375 0.7883 -0.6026 -0.0692 -0.7951
0.0971 -0.0182 -0.085 0.826 0.7883 0.5242 0.1805 -0.8322
0.1065 -0.0558 -0.0518 0.826 0.9103 0.7376 -0.6703 -0.0814
0.1065 -0.0558 -0.0518 0.826 0.9103 0.7376 -0.6703 -0.0814
-0.0731 -0.0956 -0.0459 0.5375 0.9103 -0.3892 -0.9201 -0.0442
-0.0825 -0.058 -0.0791 0.5375 0.7883 -0.6026 -0.0692 -0.7951
0.1065 -0.0558 -0.0518 0.826 0.5307 0.7376 -0.6703 -0.0814
0.085 0.0621 0.0879 0.826 0.9708 0.6026 0.0692 0.7951
-0.0946 0.0223 0.0938 0.5375 0.9708 -0.5242 -0.1805 0.8322
-0.0946 0.0223 0.0938 0.5375 0.9708 -0.5242 -0.1805 0.8322
-0.0731 -0.0956 -0.0459 0.5375 0.5307 -0.3892 -0.9201 -0.0442
0.1065 -0.0558 -0.0518 0.826 0.5307 0.7376 -0.6703 -0.0814
-0.0731 -0.0956 -0.0459 0.8309 0.9052 -0.3892 -0.9201 -0.0442
-0.0946 0.0223 0.0938 0.5424 0.9052 -0.5242 -0.1805 0.8322
-0.1041 0.0599 0.0606 0.5424 0.7832 -0.7376 0.6703 0.0814
-0.1041 0.0599 0.0606 0.5424 0.7832 -0.7376 0.6703 0.0814
-0.0825 -0.058 -0.0791 0.8309 0.7832 -0.6026 -0.0692 -0.7951
-0.0731 -0.0956 -0.0459 0.8309 0.9052 -0.3892 -0.9201 -0.0442
-0.0825 -0.058 -0.0791 0.5468 0.9699 -0.6026 -0.0692 -0.7951
-0.1041 0.0599 0.0606 0.5468 0.5299 -0.7376 0.6703 0.0814
0.0756 0.0997 0.0547 0.8353 0.5299 0.3892 0.9201 0.0442
0.0756 0.0997 0.0547 0.8353 0.5299 0.3892 0.9201 0.0442
0.0971 -0.0182 -0.085 0.8353 0.9699 0.5242 0.1805 -0.8322
-0.0825 -0.058 -0.0791 0.5468 0.9699 -0.6026 -0.0692 -0.7951
0.0971 -0.0182 -0.085 0.5311 0.7883 0.5242 0.1805 -0.8322
0.0756 0.0997 0.0547 0.8197 0.7883 0.3892 0.9201 0.0442
0.085 0.0621 0.0879 0.8197 0.9103 0.6026 0.0692 0.7951
0.085 0.0621 0.0879 0.8197 0.9103 0.6026 0.0692 0.7951
0.1065 -0.0558 -0.0518 0.5311 0.9103 0.7376 -0.6703 -0.0814
0.0971 -0.0182 -0.085 0.5311 0.7883 0.5242 0.1805 -0.8322
-0.0946 0.0223 0.0938 0.8227 0.9103 -0.5242 -0.1805 0.8322
0.085 0.0621 0.0879 0.5342 0.9103 0.6026 0.0692 0.7951
0.0756 0.0997 0.0547 0.5342 0.7883 0.3892 0.9201 0.0442
0.0756 0.0997 0.0547 0.5342 0.7883 0.3892 0.9201 0.0442
-0.1041 0.0599 0.0606 0.8227 0.7883 -0.7376 0.6703 0.0814
-0.0946 0.0223 0.0938 0.8227 0.9103 -0.5242 -0.1805 0.8322
